
Resp charges for organic molecule                                               

iqopt   irstrnt  ihfree     qwt
  2      1      1        0.001000

 rel.rms   dipole mom       Qxx      Qyy      Qzz
    0.01655  11.25281  60.02854 -19.92938 -40.09916

          Point charges before & after optimization
    NO   At.No.    q0           q(opt)   IVARY  d(rstr)/dq 
     1     6  -0.097312      -0.097312  -99    0.007167
     2     6  -0.098448      -0.098448  -99    0.007126
     3     6  -0.187366      -0.187366  -99    0.004709
     4     6  -0.187366      -0.187366  -99    0.004709
     5     6  -0.202507      -0.202507  -99    0.004428
     6     6  -0.202507      -0.202507  -99    0.004428
     7     6  -0.142033      -0.142033  -99    0.005757
     8     6  -0.142033      -0.142033  -99    0.005757
     9     6  -0.086401      -0.086401  -99    0.007567
    10     6  -0.086401      -0.086401  -99    0.007567
    11     6   0.019964       0.019964  -99    0.009806
    12     6  -0.010500      -0.010500  -99    0.009945
    13     6   0.515245       0.515245  -99    0.001905
    14     6  -0.020243      -0.029090    0    0.009602
    15     6  -0.032499      -0.029090   14    0.009602
    16     6  -0.089464      -0.071390    0    0.008139
    17     6  -0.079247      -0.071390   16    0.008139
    18     6  -0.031782      -0.031782  -99    0.009530
    19     6  -0.141713      -0.075525    0    0.007979
    20     6  -0.110318      -0.089785    0    0.007441
    21     6   0.070515       0.038416    0    0.009335
    22     6  -0.017143      -0.018458    0    0.009834
    23     7  -0.192753      -0.192753  -99    0.004605
    24     7  -0.021025      -0.021025  -99    0.009786
    25     8  -0.598909      -0.598909  -99    0.001647
    26     1   0.136457       0.136457  -99    0.000000
    27     1   0.147978       0.147978  -99    0.000000
    28     1   0.156102       0.156102  -99    0.000000
    29     1   0.156102       0.156102  -99    0.000000
    30     1   0.164381       0.164381  -99    0.000000
    31     1   0.164381       0.164381  -99    0.000000
    32     1   0.150661       0.150661  -99    0.000000
    33     1   0.150661       0.150661  -99    0.000000
    34     1   0.147563       0.147563  -99    0.000000
    35     1   0.147563       0.147563  -99    0.000000
    36     1   0.062390       0.064497    0    0.000000
    37     1   0.069908       0.064497   36    0.000000
    38     1   0.047302       0.064497   36    0.000000
    39     1   0.070349       0.064497   36    0.000000
    40     1   0.112029       0.107234    0    0.000000
    41     1   0.111560       0.107234   40    0.000000
    42     1   0.108035       0.107234   40    0.000000
    43     1   0.117391       0.107234   40    0.000000
    44     1   0.133630       0.133630  -99    0.000000
    45     1   0.036191       0.018747    0    0.000000
    46     1   0.034300       0.018747   45    0.000000
    47     1   0.035145       0.018747   45    0.000000
    48     1   0.078792       0.074825    0    0.000000
    49     1   0.084344       0.074825   48    0.000000
    50     1   0.020264       0.026200    0    0.000000
    51     1   0.020193       0.026200   50    0.000000
    52     1   0.109129       0.103857    0    0.000000
    53     1   0.109403       0.103857   52    0.000000
    54     1   0.290038       0.290038  -99    0.000000

        Statistics of the fitting:
  The initial sum of squares (ssvpot)                     17.283
  The residual sum of squares (chipot)                     0.005
  The std err of estimate (sqrt(chipot/N))               0.00157
  ESP relative RMS (SQRT(chipot/ssvpot))                 0.01655

 Dipole Moment (Debye)=  11.25281
