  946     6      6060648.6782479482      930.2374120090
  -2.92302   1.37470  -1.91666    60.38570    62.38304    -1.99734
  -3.47704   0.51263  -1.91666    55.86909    59.16615    -3.29706
  -3.47704  -0.51212  -1.91666    55.87423    59.16723    -3.29300
  -2.92302  -1.37419  -1.91666    60.39828    62.38653    -1.98824
  -0.75215   1.23707   3.22455    70.58399    71.26154    -0.67755
  -1.49682   3.20061   1.12455    65.43940    66.82164    -1.38224
  -2.32402   2.62963   1.12455    63.14994    63.51327    -0.36333
  -0.75197  -1.23774   3.22388    70.78659    71.42104    -0.63445
  -2.32385  -2.63030   1.12388    63.19601    63.51749    -0.32147
  -1.49664  -3.20127   1.12388    65.47238    66.80617    -1.33379
   2.30256   1.24652  -1.92991   120.40422   121.18151    -0.77729
   2.01385   2.22976  -1.92991   100.20363   102.83536    -2.63173
   0.22508   3.04666  -1.92991    77.56457    78.15683    -0.59226
   0.22519  -3.04621  -1.93046    77.58849    78.13744    -0.54895
   2.01396  -2.22930  -1.93046   101.69698   103.97017    -2.27320
  -0.88904  -0.00034   3.05816    75.38706    73.60001     1.78706
   4.02980   0.98329   1.12292   138.87324   140.59355    -1.72031
   2.24103   1.80019   1.12292   135.26260   134.93721     0.32538
   4.59985   0.00005   0.07292   134.22923   136.10345    -1.87422
   2.49985   0.00005  -2.02708   132.58150   131.43100     1.15050
  -3.54533   0.58053   0.90338    63.77536    60.51008     3.26527
  -3.54533  -0.58032   0.90338    63.78672    60.51204     3.27467
  -3.54533   1.38382   0.06338    61.14544    59.99345     1.15200
  -4.24786   0.54657   0.06338    57.97538    55.48525     2.49013
  -4.24786  -0.54637   0.06338    57.98050    55.48555     2.49494
  -3.54533  -1.38361   0.06338    61.15840    59.99326     1.16514
  -3.54533   1.38382  -0.97492    58.68273    59.48845    -0.80572
  -4.24786   0.54657  -0.97492    55.22926    54.92789     0.30137
  -4.24786  -0.54637  -0.97492    55.23336    54.92791     0.30545
  -3.54533  -1.38361  -0.97492    58.69175    59.48768    -0.79592
  -3.54533   0.58053  -1.81492    55.75299    58.81841    -3.06542
  -3.54533  -0.58032  -1.81492    55.75863    58.81899    -3.06035
  -1.53971   1.57395  -2.47851    70.84922    71.37098    -0.52176
  -2.61605   1.38416  -2.47851    61.24856    62.61901    -1.37045
  -3.31858   0.54692  -2.47851    56.03004    58.30571    -2.27568
  -3.31858  -0.54602  -2.47851    56.03562    58.30822    -2.27260
  -2.61605  -1.38327  -2.47851    61.26804    62.62871    -1.36067
  -1.53971  -1.57305  -2.47851    70.90391    71.40220    -0.49829
  -0.82968   0.00045  -3.31851    75.91419    74.09665     1.81754
  -1.51201   0.93960  -3.31851    68.35703    67.19154     1.16549
  -2.61605   0.58087  -3.31851    60.09580    59.54027     0.55553
  -2.61605  -0.57998  -3.31851    60.10690    59.54692     0.55998
  -1.51201  -0.93870  -3.31851    68.40275    67.22107     1.18167
  -1.81716   0.00045  -3.63936    65.32819    63.46744     1.86076
  -0.22887   2.13497   3.15308    70.84926    72.65648    -1.80721
   0.75861   2.13497   2.83223    82.77846    84.05008    -1.27163
   0.07628   3.07412   2.83223    70.64805    71.07856    -0.43051
  -1.02775   2.71540   2.83223    63.72919    66.20449    -2.47530
   1.36891   2.13497   1.99223    99.59737   100.63672    -1.03935
   0.99510   3.16200   1.99223    83.09902    82.49023     0.60879
   0.04859   3.70847   1.99223    71.20212    70.83395     0.36817
  -1.02775   3.51868   1.99223    64.04290    65.45072    -1.40782
   0.99510   3.16200   0.95393    91.66688    90.77905     0.88783
   0.04859   3.70847   0.95393    75.54870    75.42776     0.12094
  -1.02775   3.51868   0.95393    67.71842    68.96784    -1.24942
  -1.68060   1.14629   3.37189    64.38128    64.13703     0.24425
  -1.37545   2.08543   3.05104    63.30464    65.36271    -2.05808
  -2.47949   1.72671   3.05104    60.66959    59.52981     1.13978
  -2.47949   0.56586   3.05104    64.49110    61.90148     2.58962
  -1.37545   0.20714   3.05104    71.28624    69.65319     1.63305
  -2.47949   2.53000   2.21104    59.75352    60.07582    -0.32231
  -3.18202   1.69276   2.21104    60.55522    58.30021     2.25501
  -3.18202   0.59981   2.21104    64.16230    60.49987     3.66243
  -2.47949   2.53000   1.17275    62.60453    62.81668    -0.21216
  -3.18202   1.69276   1.17275    62.45215    60.85459     1.59756
  -3.18202   0.59981   1.17275    67.13739    63.32169     3.81571
  -1.68034  -1.14744   3.37148    64.47300    64.19943     0.27357
  -1.37520  -0.20829   3.05063    71.31802    69.67589     1.64213
  -2.47923  -0.56701   3.05063    64.52515    61.92131     2.60384
  -2.47923  -1.72786   3.05063    60.74011    59.56793     1.17219
  -1.37520  -2.08659   3.05063    63.45249    65.46004    -2.00754
  -3.18176  -0.60097   2.21063    64.18593    60.51019     3.67574
  -3.18176  -1.69391   2.21063    60.59994    58.31695     2.28299
  -2.47923  -2.53115   2.21063    59.82153    60.10232    -0.28080
  -3.18176  -0.60097   1.17233    67.15533    63.32711     3.82822
  -3.18176  -1.69391   1.17233    62.48481    60.86110     1.62371
  -2.47923  -2.53115   1.17233    62.64788    62.82076    -0.17288
  -0.22876  -2.13583   3.15210    71.18313    72.91679    -1.73365
   0.75872  -2.13583   2.83125    83.57375    84.69631    -1.12256
  -1.02765  -2.71626   2.83125    63.89481    66.31190    -2.41709
   0.07639  -3.07498   2.83125    70.91610    71.26729    -0.35119
   1.36902  -2.13583   1.99125   101.02840   101.80041    -0.77202
  -1.02765  -3.51955   1.99125    64.11701    65.47194    -1.35493
   0.04869  -3.70933   1.99125    71.27168    70.84257     0.42911
   0.99521  -3.16286   1.99125    83.31462    82.60797     0.70665
  -1.02765  -3.51955   0.95295    67.71354    68.91392    -1.20038
   0.04869  -3.70933   0.95295    75.43497    75.26053     0.17444
   0.99521  -3.16286   0.95295    91.25895    90.30683     0.95211
   2.16733   1.15766  -2.48642   104.85574   105.97985    -1.12411
   1.79352   2.18469  -2.48642    90.42354    92.61428    -2.19073
   0.84700   2.73116  -2.48642    79.82501    81.32984    -1.50483
  -0.22933   2.54138  -2.48642    75.36508    75.72272    -0.35763
  -0.93186   1.70413  -2.48642    76.08007    76.00471     0.07536
   1.79352   0.13063  -2.48642   110.70102   111.04684    -0.34582
   1.55703   1.15766  -3.32642    87.74549    87.08472     0.66077
   0.87470   2.09681  -3.32642    78.43052    77.98544     0.44509
  -0.22933   1.73809  -3.32642    75.02209    74.04756     0.97453
  -0.22933   0.57724  -3.32642    80.69803    78.89890     1.79913
   0.87470   0.21851  -3.32642    89.62376    87.96440     1.65935
   0.56955   1.15766  -3.64728    79.97903    78.15122     1.82781
   2.01265   2.15084   0.78852   127.93703   126.94757     0.98946
   1.33031   3.08999   0.78852    96.53323    95.52995     1.00328
   2.24913   3.17787  -0.05148   103.08360   101.22421     1.85939
   1.30262   3.72435  -0.05148    86.52890    85.09733     1.43157
   0.22628   3.53456  -0.05148    81.02767    80.78140     0.24627
   2.24913   3.17787  -1.08977    96.46508    95.80898     0.65610
   1.30262   3.72435  -1.08977    82.51758    81.98934     0.52824
   0.22628   3.53456  -1.08977    77.82217    78.02977    -0.20760
   1.33031   3.08999  -1.92977    83.62080    85.24390    -1.62310
   2.01250  -2.15005   0.78774   124.77148   124.03701     0.73447
   1.33017  -3.08920   0.78774    95.76485    94.72758     1.03726
   0.22614  -3.53376  -0.05226    80.77064    80.46749     0.30316
   1.30248  -3.72355  -0.05226    85.82504    84.38062     1.44442
   2.24899  -3.17708  -0.05226   100.56377    99.04548     1.51829
   0.22614  -3.53376  -1.09055    77.65401    77.82088    -0.16687
   1.30248  -3.72355  -1.09055    82.13028    81.56106     0.56922
   2.24899  -3.17708  -1.09055    95.51136    94.90673     0.60464
   1.33017  -3.08920  -1.93055    83.73275    85.26130    -1.52855
   2.16729  -1.15636  -2.48718   107.96018   108.55403    -0.59385
   1.79348  -0.12933  -2.48718   111.07965   111.38858    -0.30893
  -0.93190  -1.70283  -2.48718    76.18496    76.06179     0.12316
  -0.22937  -2.54007  -2.48718    75.50494    75.80435    -0.29942
   0.84697  -2.72986  -2.48718    80.12808    81.54729    -1.41920
   1.79348  -2.18339  -2.48718    91.65200    93.59125    -1.93925
   1.55699  -1.15636  -3.32718    88.52774    87.73096     0.79678
   0.87466  -0.21721  -3.32718    89.72113    88.04513     1.67600
  -0.22937  -0.57593  -3.32718    80.79382    78.96563     1.82820
  -0.22937  -1.73679  -3.32718    75.21475    74.18091     1.03384
   0.87466  -2.09551  -3.32718    78.87056    78.32844     0.54212
   0.56952  -1.15636  -3.64803    80.26021    78.37209     1.88812
  -2.30583   2.77930   0.63935    64.05203    64.46657    -0.41454
  -1.22949   3.77237  -0.20065    67.38023    67.09422     0.28601
  -2.30583   3.58258  -0.20065    62.21577    61.01348     1.20230
  -3.00836   2.74534  -0.20065    60.76221    60.32865     0.43357
  -0.28298   3.22590  -1.23895    77.00125    77.09481    -0.09356
  -1.22949   3.77237  -1.23895    66.61187    65.56968     1.04218
  -2.30583   3.58258  -1.23895    62.05511    60.02201     2.03309
  -3.00836   2.74534  -1.23895    60.30950    59.43398     0.87551
  -3.00836   1.65240  -1.23895    62.41299    63.46960    -1.05661
  -1.20180   3.13802  -2.07895    67.41294    67.32693     0.08601
  -2.30583   2.77930  -2.07895    62.48181    61.97012     0.51169
  -2.30583   1.61844  -2.07895    65.77514    67.07707    -1.30193
  -1.50694   2.19887  -2.39980    68.31210    69.33033    -1.01823
  -2.30567  -2.77897   0.63836    64.08153    64.46121    -0.37968
  -3.00820  -2.74501  -0.20164    60.77298    60.32120     0.45178
  -2.30567  -3.58226  -0.20164    62.21636    60.98812     1.22824
  -1.22933  -3.77204  -0.20164    67.34099    67.02038     0.32061
  -3.00820  -1.65207  -1.23994    62.41920    63.46756    -1.04837
  -3.00820  -2.74501  -1.23994    60.31820    59.42627     0.89193
  -2.30567  -3.58226  -1.23994    62.05702    60.00015     2.05687
  -1.22933  -3.77204  -1.23994    66.58660    65.51394     1.07266
  -0.28282  -3.22557  -1.23994    76.90902    76.97544    -0.06642
  -2.30567  -1.61812  -2.07994    65.79054    67.08122    -1.29068
  -2.30567  -2.77897  -2.07994    62.49985    61.96634     0.53351
  -1.20163  -3.13769  -2.07994    67.43380    67.31568     0.11812
  -1.50678  -2.19854  -2.40079    68.35699    69.34696    -0.98997
   0.76223  -0.00052   3.83618    82.12799    81.31478     0.81321
   1.74971  -0.00052   3.51533    95.12694    93.90623     1.22071
   1.06738   0.93863   3.51533    86.31715    86.24927     0.06788
  -0.03666   0.57990   3.51533    77.79587    77.91968    -0.12381
  -0.03666  -0.58095   3.51533    77.97701    78.07537    -0.09836
   1.06738  -0.93967   3.51533    87.04204    86.84310     0.19893
   2.36000  -0.00052   2.67533   126.17710   124.90658     1.27052
   1.98619   1.02651   2.67533   109.64928   110.62422    -0.97493
   1.03968   1.57298   2.67533    93.16455    95.26538    -2.10084
   1.03968  -1.57402   2.67533    94.56928    96.45130    -1.88202
   1.98619  -1.02755   2.67533   113.80310   113.85505    -0.05195
   4.55287  -0.69036  -0.01420   133.99453   135.23939    -1.24487
   3.23254  -2.26387  -0.01420   128.72725   127.87133     0.85592
   4.17906  -1.71739  -0.01420   128.03170   127.65470     0.37700
   4.55287  -0.69036  -1.05250   126.53401   125.88203     0.65198
   3.23254  -2.26387  -1.05250   123.29563   121.05532     2.24031
   4.17906  -1.71739  -1.05250   122.73035   120.34261     2.38774
   3.94257  -0.69036  -1.89250   124.43291   122.73576     1.69716
   3.26024   0.24878  -1.89250   135.09486   134.94209     0.15277
   3.26024  -1.62951  -1.89250   122.06659   119.61711     2.44949
   2.95509  -0.69036  -2.21335   125.51173   124.09120     1.42053
   2.74992  -0.22628   2.72121   124.31870   122.53710     1.78160
   3.73740  -0.22628   2.40036   123.50670   121.75166     1.75503
   3.05506   0.71287   2.40036   126.31341   125.83279     0.48061
   3.05506  -1.16543   2.40036   123.50025   121.59608     1.90416
   4.34769  -0.22628   1.56036   128.10728   128.32877    -0.22149
   3.97388   0.80075   1.56036   133.15376   134.24980    -1.09604
   1.95103  -1.60999   1.56036   130.32515   130.47759    -0.15245
   3.02737  -1.79978   1.56036   128.21668   127.70796     0.50872
   3.97388  -1.25331   1.56036   127.28501   126.93613     0.34888
   3.20938   1.85602   1.21383   131.10557   131.22514    -0.11957
   4.50201   0.91688   0.37383   132.32792   133.37760    -1.04968
   4.12820   1.94391   0.37383   124.69313   123.27932     1.41381
   3.18168   2.49038   0.37383   124.49920   122.27481     2.22439
   4.50201   0.91688  -0.66447   129.66585   129.92426    -0.25841
   4.12820   1.94391  -0.66447   122.98492   120.79110     2.19383
   3.18168   2.49038  -0.66447   123.01398   120.36641     2.64756
   3.89171   0.91688  -1.50447   130.57521   130.54733     0.02788
   3.20938   1.85602  -1.50447   123.95393   122.59125     1.36268
   2.90423   0.91688  -1.82532   132.57632   132.27183     0.30448
  -0.75215   1.23707   3.52455    67.79500    68.69568    -0.90068
  -1.27281   2.13888   3.28687    61.98231    63.88995    -1.90764
  -2.21100   3.06642   1.65860    59.20188    60.49034    -1.28847
  -0.75197  -1.23774   3.52388    67.97990    68.84123    -0.86133
  -1.27263  -2.13955   3.28621    62.13848    63.99770    -1.85922
  -2.21083  -3.06709   1.65793    59.25553    60.50255    -1.24702
  -0.03675   3.52768  -1.41396    73.78525    74.31664    -0.53139
   1.26339   2.95335  -2.37628    79.70564    81.53793    -1.83229
   0.21687   3.10382  -2.37628    73.00461    73.92773    -0.92312
  -0.03665  -3.52723  -1.41451    73.69981    74.19534    -0.49553
   0.21697  -3.10336  -2.37683    73.10489    73.97372    -0.86883
   1.26350  -2.95289  -2.37683    80.02019    81.74650    -1.72631
  -0.46526   3.57376   0.13043    73.67401    74.29472    -0.62071
  -0.46516  -3.57361   0.12994    73.56536    74.13975    -0.57439
  -0.88036  -0.00034   3.40183    71.34240    70.89949     0.44291
   3.27934   1.70688   1.56929   124.14484   124.82877    -0.68393
   2.23282   1.85734   1.56929   120.94238   121.59877    -0.65639
   4.83968   0.00005   0.60697   120.57273   121.96749    -1.39476
   3.02051  -2.28111   0.60697   123.60463   123.61695    -0.01233
   4.60797  -1.01517   0.60697   122.60108   123.72458    -1.12350
   4.83968   0.00005  -0.46113   121.85808   122.91587    -1.05779
   3.02051   0.90186  -2.08941   120.85038   120.89183    -0.04145
   2.49985   0.00005  -2.32708   119.75226   119.43447     0.31779
  -3.70645   0.00010   1.20700    61.38339    58.53199     2.85140
  -3.26027   1.58149   0.50423    62.32474    61.32710     0.99764
  -4.09165   0.97745   0.50423    57.26449    55.51674     1.74775
  -4.40921   0.00010   0.50423    55.85780    53.70520     2.15259
  -4.09165  -0.97725   0.50423    57.27490    55.51790     1.75699
  -3.26027  -1.58129   0.50423    62.34580    61.32869     1.01711
  -3.70645   1.66287  -0.45577    57.57415    57.67318    -0.09904
  -4.40921   0.96010  -0.45577    53.96667    53.24451     0.72216
  -4.66645   0.00010  -0.45577    53.01528    51.92740     1.08787
  -4.40921  -0.95990  -0.45577    53.97299    53.24446     0.72853
  -3.70645  -1.66267  -0.45577    57.58388    57.67159    -0.08771
  -4.09165   0.97745  -1.41577    53.35678    54.49730    -1.14052
  -4.40921   0.00010  -1.41577    51.96529    52.74455    -0.77926
  -4.09165  -0.97725  -1.41577    53.36320    54.49742    -1.13422
  -1.30334   1.58183  -2.91936    69.47542    69.70229    -0.22686
  -2.33099   1.58183  -2.91936    60.82562    61.56913    -0.74350
  -3.16237   0.97780  -2.91936    55.48258    56.64659    -1.16401
  -3.47993   0.00045  -2.91936    53.67984    55.09655    -1.41670
  -3.16237  -0.97690  -2.91936    55.49412    56.65234    -1.15822
  -2.33099  -1.58094  -2.91936    60.85582    61.58577    -0.72995
  -1.30334  -1.58094  -2.91936    69.55197    69.74892    -0.19695
  -0.85716   0.00045  -3.62213    71.59143    70.30984     1.28159
  -1.33716   0.83183  -3.62213    66.68867    65.79547     0.89319
  -2.29716   0.83183  -3.62213    59.51995    59.09669     0.42326
  -2.77716   0.00045  -3.62213    56.72971    56.49628     0.23343
  -2.29716  -0.83094  -3.62213    59.54036    59.10932     0.43105
  -1.33716  -0.83094  -3.62213    66.73535    65.82658     0.90877
  -1.81716   0.00045  -3.87936    62.24974    61.15752     1.09222
  -0.22887   2.13497   3.39308    68.38892    70.06014    -1.67122
   0.73113   2.13497   3.13585    78.22677    79.54051    -1.31373
   0.25113   2.96635   3.13585    68.91786    69.73795    -0.82009
  -0.70887   2.96635   3.13585    62.65679    64.29764    -1.64085
   1.43390   2.13497   2.43308    92.69335    93.98632    -1.29297
   1.11634   3.11232   2.43308    78.86261    78.98161    -0.11900
   0.28496   3.71636   2.43308    68.56948    68.65471    -0.08522
  -0.74269   3.71636   2.43308    62.18842    63.20330    -1.01488
  -1.57407   3.11232   2.43308    59.80388    61.96916    -2.16529
   1.69113   2.13497   1.47308   110.95358   111.46993    -0.51636
   1.43390   3.09497   1.47308    90.21966    89.99730     0.22237
   0.73113   3.79774   1.47308    75.94253    75.63145     0.31108
  -0.22887   4.05497   1.47308    67.15158    67.46251    -0.31093
  -1.18887   3.79774   1.47308    62.37526    63.64028    -1.26502
   0.28496   3.71636   0.51308    77.83695    77.82896     0.00799
  -0.74269   3.71636   0.51308    69.20539    70.09321    -0.88781
  -1.68060   1.14629   3.61189    62.00205    62.04891    -0.04686
  -2.16060   1.97767   3.35466    58.27220    58.52150    -0.24930
  -2.64060   1.14629   3.35466    58.93040    57.63448     1.29593
  -2.16060   0.31490   3.35466    63.30108    61.88823     1.41286
  -1.20060   0.31490   3.35466    69.04068    68.48402     0.55667
  -2.19443   2.72767   2.65189    57.71534    58.87740    -1.16206
  -3.02581   2.12364   2.65189    56.67416    55.87789     0.79627
  -3.34337   1.14629   2.65189    58.28959    56.15933     2.13026
  -3.02581   0.16893   2.65189    62.70955    59.80739     2.90216
  -2.64060   2.80905   1.69189    58.20084    58.79137    -0.59053
  -3.34337   2.10629   1.69189    57.60100    56.69648     0.90451
  -3.60060   1.14629   1.69189    59.48055    57.28571     2.19484
  -3.34337   0.18629   1.69189    63.93033    60.66453     3.26580
  -3.02581   2.12364   0.73189    61.33710    61.13823     0.19886
  -1.68034  -1.14744   3.61148    62.08816    62.10880    -0.02064
  -1.20034  -0.31605   3.35425    69.08691    68.51939     0.56752
  -2.16034  -0.31605   3.35425    63.32570    61.90477     1.42093
  -2.64035  -1.14744   3.35425    58.97884    57.66255     1.31629
  -2.16034  -1.97882   3.35425    58.35723    58.57255    -0.21532
  -3.02555  -0.17009   2.65148    62.72132    59.81450     2.90682
  -3.34311  -1.14744   2.65148    58.32236    56.17419     2.14816
  -3.02555  -2.12479   2.65148    56.72603    55.90059     0.82543
  -2.19417  -2.72882   2.65148    57.79517    58.91582    -1.12065
  -3.34311  -0.18744   1.69148    63.93954    60.66936     3.27018
  -3.60035  -1.14744   1.69148    59.50520    57.29365     2.21154
  -3.34311  -2.10744   1.69148    57.63726    56.70607     0.93118
  -2.64035  -2.81021   1.69148    58.24828    58.80201    -0.55373
  -3.02555  -2.12479   0.73148    61.36145    61.13777     0.22368
  -0.22876  -2.13583   3.39210    68.70479    70.30610    -1.60131
   0.73124  -2.13583   3.13487    78.93167    80.10720    -1.17553
  -0.70876  -2.96722   3.13487    62.83957    64.42196    -1.58239
   0.25124  -2.96722   3.13487    69.24189    69.97659    -0.73470
   1.43401  -2.13583   2.43210    94.22412    95.21713    -0.99301
  -1.57397  -3.11318   2.43210    59.90014    62.01649    -2.11635
  -0.74258  -3.71722   2.43210    62.28299    63.24585    -0.96286
   0.28506  -3.71722   2.43210    68.70520    68.72449    -0.01929
   1.11645  -3.11318   2.43210    79.26427    79.26379     0.00048
   1.69124  -2.13583   1.47210   111.99967   112.26821    -0.26855
  -1.18876  -3.79860   1.47210    62.39946    63.61924    -1.21977
  -0.22876  -4.05583   1.47210    67.13076    67.39412    -0.26336
   0.73124  -3.79860   1.47210    75.83841    75.47617     0.36224
   1.43401  -3.09583   1.47210    90.06245    89.77221     0.29024
  -0.74258  -3.71722   0.51210    69.14186    69.98441    -0.84254
   0.28506  -3.71722   0.51210    77.60140    77.54222     0.05918
   2.23232   1.15766  -2.92728    94.71775    95.35140    -0.63365
   1.91476   2.13501  -2.92728    84.56218    85.74113    -1.17895
   1.08338   2.73905  -2.92728    75.94245    77.02449    -1.08204
   0.05573   2.73905  -2.92728    71.33971    71.87772    -0.53801
  -0.77566   2.13501  -2.92728    70.48040    70.84759    -0.36719
   1.91476   0.18031  -2.92728    99.73222    99.90206    -0.16984
   1.52955   1.15766  -3.63004    81.69143    81.22189     0.46955
   1.04955   1.98905  -3.63004    75.16383    74.89708     0.26675
   0.08955   1.98905  -3.63004    71.20493    70.69951     0.50541
  -0.39045   1.15766  -3.63004    72.72971    71.75107     0.97864
   0.08955   0.32628  -3.63004    78.63338    77.24922     1.38417
   1.04955   0.32628  -3.63004    83.65837    82.62278     1.03558
   0.56955   1.15766  -3.88728    75.29632    74.17229     1.12403
   1.98517   2.15084   1.09214   121.04582   120.81800     0.22782
   1.50517   2.98223   1.09214    96.60882    96.17880     0.43002
   2.37037   3.12819   0.38938   102.40346   101.17959     1.22387
   1.53899   3.73223   0.38938    85.72161    84.83236     0.88926
   0.51134   3.73223   0.38938    79.63960    79.40776     0.23185
   2.68794   3.11084  -0.57062   102.51192   101.26798     1.24393
   1.98517   3.81361  -0.57062    85.03315    84.17362     0.85953
   1.02517   4.07084  -0.57062    77.04150    76.61451     0.42699
   0.06517   3.81361  -0.57062    74.49858    74.72832    -0.22974
   2.37037   3.12819  -1.53062    91.30927    91.62290    -0.31363
   1.53899   3.73223  -1.53062    78.98079    79.27622    -0.29543
   0.51134   3.73223  -1.53062    74.05239    74.60889    -0.55650
   1.50517   2.98223  -2.23339    81.88958    83.75304    -1.86347
   1.98502  -2.15005   1.09136   120.23048   119.98135     0.24913
   1.50502  -2.98143   1.09136    96.00285    95.54358     0.45927
   0.51120  -3.73144   0.38859    79.34568    79.06418     0.28150
   1.53885  -3.73144   0.38859    84.91140    84.04800     0.86340
   2.37023  -3.12740   0.38859    99.71690    98.90620     0.81070
   0.06502  -3.81282  -0.57141    74.31432    74.50278    -0.18846
   1.02502  -4.07005  -0.57141    76.65424    76.20012     0.45412
   1.98502  -3.81282  -0.57141    84.13069    83.33310     0.79759
   2.68779  -3.11005  -0.57141   100.00038    99.20268     0.79770
   0.51120  -3.73144  -1.53141    73.94307    74.45471    -0.51164
   1.53885  -3.73144  -1.53141    78.76382    79.01028    -0.24646
   2.37023  -3.12740  -1.53141    91.11245    91.35516    -0.24271
   1.50502  -2.98143  -2.23417    82.22113    83.96270    -1.74158
   2.23228  -1.15636  -2.92803    96.63702    96.90790    -0.27088
   1.91472  -0.17901  -2.92803   100.07484   100.19267    -0.11782
  -0.77569  -2.13371  -2.92803    70.59870    70.91867    -0.31997
   0.05569  -2.73775  -2.92803    71.52008    71.99692    -0.47683
   1.08334  -2.73775  -2.92803    76.34396    77.32291    -0.97895
   1.91472  -2.13371  -2.92803    85.69565    86.63279    -0.93714
   1.52952  -1.15636  -3.63080    82.27822    81.69729     0.58093
   1.04952  -0.32497  -3.63080    83.79715    82.73587     1.06127
   0.08951  -0.32497  -3.63080    78.69156    77.29172     1.39983
  -0.39049  -1.15636  -3.63080    72.85800    71.84065     1.01735
   0.08951  -1.98774  -3.63080    71.42619    70.86063     0.56556
   1.04952  -1.98774  -3.63080    75.60766    75.24357     0.36409
   0.56952  -1.15636  -3.88803    75.53827    74.36069     1.17758
  -0.99312   3.78026   0.24020    67.36638    68.02114    -0.65476
  -2.02077   3.78026   0.24020    60.79149    60.79808    -0.00659
  -2.85215   3.17622   0.24020    58.58765    58.53823     0.04942
  -3.16971   2.19887   0.24020    60.36275    60.45653    -0.09378
  -0.54694   3.86164  -0.71980    69.58467    69.81369    -0.22902
  -1.50694   4.11887  -0.71980    62.09785    61.47373     0.62412
  -2.46695   3.86164  -0.71980    58.41198    57.35285     1.05913
  -3.16971   3.15887  -0.71980    57.02912    56.39543     0.63369
  -3.42695   2.19887  -0.71980    58.06431    58.40503    -0.34071
  -0.99312   3.78026  -1.67980    64.99734    64.82986     0.16748
  -2.02077   3.78026  -1.67980    59.76546    58.78607     0.97939
  -2.85215   3.17622  -1.67980    57.56731    56.86242     0.70489
  -3.16971   2.19887  -1.67980    57.95926    58.64151    -0.68225
  -1.02694   3.03025  -2.38257    66.47448    66.98244    -0.50796
  -1.98695   3.03025  -2.38257    60.87158    60.81707     0.05451
  -2.46695   2.19887  -2.38257    60.60857    61.48277    -0.87420
  -1.50694   2.19887  -2.63980    66.35825    67.28067    -0.92242
  -3.16955  -2.19854   0.23921    60.38138    60.45665    -0.07526
  -2.85199  -3.17589   0.23921    58.60227    58.52931     0.07296
  -2.02061  -3.77993   0.23921    60.79113    60.76772     0.02341
  -0.99296  -3.77993   0.23921    67.32106    67.93651    -0.61545
  -3.42678  -2.19854  -0.72079    58.07323    58.40181    -0.32858
  -3.16955  -3.15854  -0.72079    57.03719    56.38576     0.65143
  -2.46678  -3.86131  -0.72079    58.41150    57.32924     1.08227
  -1.50678  -4.11854  -0.72079    62.07184    61.41906     0.65277
  -0.54678  -3.86131  -0.72079    69.49236    69.68647    -0.19411
  -3.16955  -2.19854  -1.68079    57.96955    58.63894    -0.66938
  -2.85199  -3.17589  -1.68079    57.57729    56.85367     0.72362
  -2.02061  -3.77993  -1.68079    59.76833    58.76416     1.00417
  -0.99296  -3.77993  -1.68079    64.98184    64.78324     0.19860
  -2.46678  -2.19854  -2.38356    60.62947    61.48619    -0.85672
  -1.98678  -3.02993  -2.38356    60.89531    60.81615     0.07916
  -1.02678  -3.02993  -2.38356    66.51561    66.98870    -0.47309
  -1.50678  -2.19854  -2.64079    66.40900    67.30252    -0.89352
   0.76223  -0.00052   4.07618    77.09079    76.80564     0.28515
   1.72223  -0.00052   3.81895    86.91295    86.28897     0.62398
   1.24223   0.83086   3.81895    81.90976    81.86244     0.04731
   0.28223   0.83086   3.81895    75.15300    75.54498    -0.39197
  -0.19777  -0.00052   3.81895    72.88062    73.01398    -0.13335
   0.28223  -0.83191   3.81895    75.42657    75.77122    -0.34465
   1.24223  -0.83191   3.81895    82.49047    82.32618     0.16429
   2.42500  -0.00052   3.11618   107.58012   106.82262     0.75749
   2.10744   0.97683   3.11618    98.98692    99.32149    -0.33457
   1.27605   1.58086   3.11618    87.55031    88.81930    -1.26899
   1.27605  -1.58191   3.11618    88.86889    89.88561    -1.01672
   2.10744  -0.97787   3.11618   101.45874   101.21309     0.24564
   1.72223   1.66225   2.15618   107.42894   109.37584    -1.94690
   1.72223  -1.66329   2.15618   110.94349   112.25026    -1.30677
   3.46892  -2.27175   0.42665   121.05053   121.00117     0.04936
   4.30030  -1.66772   0.42665   121.39367   121.87298    -0.47931
   4.87509  -0.69036  -0.53335   118.11808   118.41216    -0.29408
   2.95509  -2.61036  -0.53335   115.73802   114.63524     1.10278
   3.91509  -2.35313  -0.53335   113.00152   111.71775     1.28377
   4.61786  -1.65036  -0.53335   113.72183   112.92104     0.80079
   4.61786  -0.69036  -1.49335   114.17886   113.43304     0.74582
   4.30030   0.28699  -1.49335   123.92152   124.35663    -0.43510
   3.46892  -2.27175  -1.49335   110.86494   109.15707     1.70787
   4.30030  -1.66772  -1.49335   110.82905   109.05493     1.77413
   3.91509  -0.69036  -2.19612   113.20819   112.02668     1.18151
   3.43509   0.14102  -2.19612   120.35041   120.08781     0.26260
   2.47509  -1.52175  -2.19612   113.04675   113.22505    -0.17831
   3.43509  -1.52175  -2.19612   110.98518   109.38300     1.60217
   2.95509  -0.69036  -2.45335   114.78676   113.95956     0.82720
   2.74992  -0.22628   2.96121   113.05454   111.90979     1.14475
   3.70992  -0.22628   2.70398   111.79605   110.56827     1.22778
   3.22992   0.60510   2.70398   113.90500   113.36083     0.54416
   2.26992  -1.05767   2.70398   114.18240   113.76498     0.41742
   3.22992  -1.05767   2.70398   111.68979   110.33618     1.35361
   4.41269  -0.22628   2.00121   114.47752   114.19721     0.28031
   4.09512   0.75107   2.00121   117.49903   117.76273    -0.26369
   3.26374   1.35511   2.00121   121.46551   122.15336    -0.68785
   2.23609  -1.80767   2.00121   116.28893   116.35421    -0.06527
   3.26374  -1.80767   2.00121   114.44060   113.76121     0.67939
   4.09512  -1.20363   2.00121   113.71261   113.05830     0.65431
   3.70992  -1.88905   1.04121   123.02641   123.45870    -0.43229
   4.41269  -1.18628   1.04121   122.00529   122.80688    -0.80159
   3.38423   1.74826   1.51745   123.02585   123.60760    -0.58174
   4.24944   1.89423   0.81468   115.59976   115.25832     0.34144
   3.41806   2.49826   0.81468   114.27079   113.21321     1.05758
   2.39041   2.49826   0.81468   118.29659   117.39845     0.89814
   4.82423   0.91688  -0.14532   119.19397   119.73178    -0.53781
   4.56700   1.87688  -0.14532   112.81430   111.83207     0.98223
   3.86423   2.57964  -0.14532   111.20869   109.36859     1.84010
   2.90423   2.83688  -0.14532   113.46437   111.58485     1.87952
   4.56700   0.91688  -1.10532   118.66203   118.79476    -0.13273
   4.24944   1.89423  -1.10532   112.15409   110.89223     1.26186
   3.41806   2.49826  -1.10532   111.29847   109.71877     1.57971
   3.86423   0.91688  -1.80809   119.93412   119.91349     0.02063
   3.38423   1.74826  -1.80809   113.83093   113.21952     0.61141
  -3.97950   1.08257  -1.89991    52.25721    53.84503    -1.58781
  -3.97950  -1.08206  -1.89991    52.26448    53.84626    -1.58178
  -0.75215   1.23707   3.82455    65.22025    65.97702    -0.75677
  -1.26877   2.13189   3.61902    60.01007    61.35361    -1.34355
  -2.30743   3.18733   2.15779    56.36580    57.50754    -1.14174
  -1.78539   3.73155   1.12455    59.73260    60.78114    -1.04854
  -2.66133   3.14626   1.12455    57.58686    58.18093    -0.59407
  -0.75197  -1.23774   3.82388    65.38678    66.10755    -0.72077
  -1.26860  -2.13256   3.61836    60.15722    61.45749    -1.30027
  -2.30725  -3.18800   2.15713    56.42552    57.52902    -1.10349
  -2.66116  -3.14693   1.12388    57.61591    58.17815    -0.56224
  -1.78522  -3.73222   1.12388    59.74897    60.75979    -1.01082
   2.73135   2.32883  -1.91315   101.08311   101.69564    -0.61252
  -0.07117   3.67845  -1.91315    68.89207    69.46892    -0.57684
   0.21220   3.13628  -2.78909    69.39006    70.13136    -0.74130
  -0.76635   2.68939  -2.78909    67.49338    68.10663    -0.61324
  -0.07106  -3.67800  -1.91370    68.87615    69.41364    -0.53750
  -0.76624  -2.68893  -2.78965    67.58263    68.15374    -0.57111
   0.21231  -3.13582  -2.78965    69.53043    70.21398    -0.68354
  -3.23337   2.37491   0.62963    58.48176    58.48000     0.00175
  -1.50255   2.18741  -2.89809    64.62786    65.31041    -0.68256
  -3.23326  -2.37476   0.62913    58.50562    58.48099     0.02464
  -1.50244  -2.18727  -2.89859    64.68534    65.33949    -0.65415
  -0.87229  -0.00034   3.73398    67.95617    67.91740     0.03877
   3.29296   1.73671   1.98210   111.93555   112.46273    -0.52718
   2.22815   1.88980   1.98210   110.20041   111.16138    -0.96098
   4.99433   0.00005   1.10616   110.06069   110.89645    -0.83576
   4.74730   1.08236   1.10616   111.09372   111.78156    -0.68784
   3.05493  -2.43189   1.10616   111.89310   111.86307     0.03004
   4.05513  -1.95021   1.10616   112.52106   112.78424    -0.26319
   4.74730  -1.08226   1.10616   111.38793   111.97754    -0.58961
   5.19985   0.00005   0.07292   109.22787   110.08014    -0.85227
   4.99433   0.00005  -0.96033   111.01127   111.42903    -0.41775
   3.01648   0.89486  -2.42156   109.28500   109.45346    -0.16847
   2.49985   0.00005  -2.62708   109.30223   109.27333     0.02890
  -3.82645   0.00010   1.41484    59.34405    56.88819     2.45585
  -3.97144   1.41382   0.62423    56.48933    55.35532     1.13401
  -4.54129   0.52711   0.62423    53.68698    52.10215     1.58483
  -4.54129  -0.52691   0.62423    53.69177    52.10280     1.58896
  -3.97144  -1.41362   0.62423    56.50422    55.35704     1.14718
  -4.36323   1.43245  -0.45577    52.81712    52.56641     0.25071
  -4.84368   0.51702  -0.45577    50.81439    50.14675     0.66764
  -4.84368  -0.51682  -0.45577    50.81735    50.14680     0.67055
  -4.36323  -1.43224  -0.45577    52.82524    52.56598     0.25925
  -3.97144   1.41382  -1.53577    53.09236    54.24345    -1.15109
  -4.54129   0.52711  -1.53577    50.29116    51.08665    -0.79549
  -4.54129  -0.52691  -1.53577    50.29413    51.08676    -0.79263
  -3.97144  -1.41362  -1.53577    53.10050    54.24347    -1.14297
  -2.08338   1.85202  -3.03936    60.94802    61.57293    -0.62491
  -3.04216   1.41416  -3.03936    54.98612    55.88203    -0.89592
  -3.61200   0.52746  -3.03936    51.99513    53.18190    -1.18678
  -3.61200  -0.52657  -3.03936    52.00020    53.18428    -1.18407
  -3.04216  -1.41327  -3.03936    55.00345    55.89062    -0.88717
  -2.08338  -1.85113  -3.03936    60.98847    61.59553    -0.60707
  -0.73716   0.00045  -3.82998    69.78429    68.76552     1.01877
  -1.27716   0.93576  -3.82998    64.55830    63.93601     0.62229
  -2.35716   0.93576  -3.82998    57.09787    56.92106     0.17681
  -2.89716   0.00045  -3.82998    54.25277    54.24502     0.00775
  -2.35716  -0.93486  -3.82998    57.11935    56.93429     0.18506
  -1.27716  -0.93486  -3.82998    64.60987    63.97082     0.63905
  -1.81716   0.00045  -4.11936    59.75679    59.03953     0.71726
  -0.22887   2.13497   3.63308    66.21987    67.60819    -1.38832
   0.85113   2.13497   3.34370    76.22045    77.35427    -1.13381
   0.31113   3.07028   3.34370    66.26281    67.05850    -0.79568
  -0.76887   3.07028   3.34370    60.23422    61.61537    -1.38115
   1.64175   2.13497   2.55308    91.83704    92.99304    -1.15601
   1.34480   3.14630   2.55308    77.57759    77.86577    -0.28818
   0.54822   3.83654   2.55308    67.21318    67.39413    -0.18095
  -0.49508   3.98654   2.55308    60.77760    61.47367    -0.69608
  -1.45386   3.54869   2.55308    57.78840    59.26309    -1.47469
   1.68372   3.13877   1.47308    90.16868    90.03705     0.13163
   0.99815   3.91261   1.47308    75.06837    74.88812     0.18024
   0.03149   4.27922   1.47308    65.94977    66.16600    -0.21623
  -0.99481   4.15460   1.47308    60.89595    61.74737    -0.85142
  -0.49508   3.98654   0.39308    68.38650    68.96273    -0.57624
  -1.68060   1.14629   3.85189    59.99804    60.11217    -0.11413
  -2.22060   2.08159   3.56251    56.04172    56.34323    -0.30151
  -2.76060   1.14629   3.56251    56.31872    55.37498     0.94374
  -2.22060   0.21098   3.56251    60.96334    59.88706     1.07628
  -2.90559   2.56000   2.77189    54.30474    54.30140     0.00334
  -3.47544   1.67330   2.77189    54.51294    53.31674     1.19620
  -3.47544   0.61927   2.77189    57.04329    55.06230     1.98099
  -3.29739   2.57863   1.69189    55.21171    55.00984     0.20188
  -3.77784   1.66321   1.69189    55.73501    54.45908     1.27593
  -3.77784   0.62936   1.69189    58.56659    56.32193     2.24467
  -1.68034  -1.14744   3.85148    60.07856    60.16907    -0.09051
  -2.22034  -0.21213   3.56209    60.98024    59.89909     1.08115
  -2.76035  -1.14744   3.56209    56.36166    55.40044     0.96122
  -2.22034  -2.08274   3.56209    56.12142    56.39186    -0.27044
  -3.47519  -0.62042   2.77148    57.06265    55.07214     1.99052
  -3.47519  -1.67445   2.77148    54.54913    53.33288     1.21625
  -2.90534  -2.56115   2.77148    54.35891    54.32566     0.03325
  -3.77758  -0.63052   1.69148    58.58115    56.32761     2.25354
  -3.77758  -1.66436   1.69148    55.76069    54.46640     1.29429
  -3.29713  -2.57978   1.69148    55.24636    55.01749     0.22887
  -0.22876  -2.13583   3.63210    66.51466    67.83704    -1.32238
   0.85124  -2.13583   3.34271    76.92497    77.91553    -0.99056
  -0.76876  -3.07114   3.34271    60.40268    61.72982    -1.32714
   0.31124  -3.07114   3.34271    66.57255    67.28580    -0.71325
   1.64186  -2.13583   2.55210    93.55946    94.35886    -0.79940
  -1.45375  -3.54955   2.55210    57.87171    59.30183    -1.43013
  -0.49498  -3.98741   2.55210    60.86564    61.51181    -0.64616
   0.54832  -3.83740   2.55210    67.35496    67.46945    -0.11448
   1.34490  -3.14716   2.55210    78.02895    78.18700    -0.15805
  -0.99471  -4.15547   1.47210    60.90232    61.71240    -0.81008
   0.03160  -4.28008   1.47210    65.90276    66.07607    -0.17331
   0.99826  -3.91348   1.47210    74.91454    74.69247     0.22207
   1.68383  -3.13964   1.47210    89.90839    89.72961     0.17878
  -0.49498  -3.98741   0.39210    68.28825    68.82277    -0.53452
   2.44017   1.15766  -3.04728    91.98408    92.46173    -0.47765
   2.14321   2.16899  -3.04728    82.44662    83.36098    -0.91435
   1.34663   2.85923  -3.04728    73.99869    74.96534    -0.96664
   0.30334   3.00924  -3.04728    68.91808    69.53576    -0.61768
  -0.65544   2.57138  -3.04728    67.16226    67.59544    -0.43318
   2.14321   0.14633  -3.04728    97.13963    97.26112    -0.12149
   1.64955   1.15766  -3.83789    78.00347    77.72781     0.27566
   1.10955   2.09297  -3.83789    71.46118    71.37338     0.08780
   0.02955   2.09297  -3.83789    67.53333    67.25423     0.27910
  -0.51045   1.15766  -3.83789    69.08560    68.36828     0.71732
   0.02955   0.22235  -3.83789    74.92232    73.81905     1.10327
   1.10955   0.22235  -3.83789    79.94774    79.16065     0.78709
   0.56955   1.15766  -4.12728    71.41417    70.63869     0.77548
   2.59883   3.16217   0.50938   100.35416    99.35476     0.99940
   1.80225   3.85242   0.50938    83.32296    82.67091     0.65206
   0.75895   4.00242   0.50938    76.47522    76.24743     0.22779
   2.93775   3.15465  -0.57062   100.09626    98.95328     1.14298
   2.25219   3.92849  -0.57062    82.44012    81.81818     0.62194
   1.28553   4.29510  -0.57062    74.14510    73.82834     0.31676
   0.25922   4.17048  -0.57062    70.94381    71.06987    -0.12606
   2.59883   3.16217  -1.65062    88.84620    89.07670    -0.23050
   1.80225   3.85242  -1.65062    76.54144    76.83745    -0.29601
   0.75895   4.00242  -1.65062    71.04405    71.50721    -0.46317
   0.75881  -4.00162   0.50859    76.15537    75.89492     0.26046
   1.80211  -3.85162   0.50859    82.47190    81.87978     0.59213
   2.59869  -3.16138   0.50859    97.67493    97.14348     0.53145
   0.25908  -4.16968  -0.57141    70.75013    70.84071    -0.09057
   1.28538  -4.29430  -0.57141    73.73939    73.41247     0.32692
   2.25204  -3.92769  -0.57141    81.52129    80.99090     0.53039
   2.93761  -3.15385  -0.57141    97.65317    96.99129     0.66188
   0.75881  -4.00162  -1.65141    70.94021    71.35958    -0.41937
   1.80211  -3.85162  -1.65141    76.35896    76.61047    -0.25151
   2.59869  -3.16138  -1.65141    88.82362    88.96183    -0.13821
   2.44013  -1.15636  -3.04803    93.84254    93.94097    -0.09843
   2.14318  -0.14503  -3.04803    97.42205    97.49345    -0.07140
  -0.65548  -2.57008  -3.04803    67.27640    67.66441    -0.38800
   0.30330  -3.00793  -3.04803    69.10501    69.65995    -0.55494
   1.34660  -2.85793  -3.04803    74.43590    75.28786    -0.85196
   2.14318  -2.16769  -3.04803    83.62123    84.27130    -0.65007
   1.64952  -1.15636  -3.83864    78.52965    78.14820     0.38145
   1.10952  -0.22105  -3.83864    80.02724    79.22367     0.80357
   0.02951  -0.22105  -3.83864    74.95170    73.83941     1.11229
  -0.51049  -1.15636  -3.83864    69.19127    68.44183     0.74944
   0.02951  -2.09167  -3.83864    67.72790    67.39487     0.33304
   1.10952  -2.09167  -3.83864    71.86460    71.68453     0.18007
   0.56952  -1.15636  -4.12803    71.62171    70.79887     0.82285
  -1.77316   4.05044   0.36020    59.75508    60.04265    -0.28757
  -2.73194   3.61259   0.36020    56.53153    56.56701    -0.03548
  -3.30179   2.72588   0.36020    56.76763    56.83693    -0.06930
  -0.27993   3.97651  -0.71980    69.72300    70.03218    -0.30918
  -1.24659   4.34312  -0.71980    60.95441    60.75671     0.19770
  -2.27289   4.21850  -0.71980    56.47843    55.86418     0.61426
  -3.12373   3.63121  -0.71980    54.53537    53.99215     0.54322
  -3.60418   2.71579  -0.71980    54.72412    54.70771     0.01641
  -0.72986   3.90044  -1.79980    64.29068    64.44036    -0.14967
  -1.77316   4.05044  -1.79980    58.12898    57.63705     0.49193
  -2.73194   3.61259  -1.79980    55.25602    54.69444     0.56158
  -3.30179   2.72588  -1.79980    54.83710    54.96183    -0.12474
  -0.96694   3.13418  -2.59041    64.55124    65.02677    -0.47552
  -2.04695   3.13418  -2.59041    58.41418    58.49504    -0.08086
  -2.58695   2.19887  -2.59041    58.41858    59.23033    -0.81175
  -3.30162  -2.72556   0.35921    56.78663    56.83557    -0.04894
  -2.73177  -3.61226   0.35921    56.54414    56.55462    -0.01048
  -1.77300  -4.05012   0.35921    59.74804    60.00452    -0.25648
  -3.60402  -2.71547  -0.72079    54.73374    54.70312     0.03062
  -3.12357  -3.63089  -0.72079    54.54186    53.97970     0.56215
  -2.27273  -4.21818  -0.72079    56.47299    55.83506     0.63793
  -1.24642  -4.34279  -0.72079    60.91674    60.69029     0.22645
  -0.27976  -3.97619  -0.72079    69.60293    69.87639    -0.27345
  -3.30162  -2.72556  -1.80079    54.84781    54.95794    -0.11013
  -2.73177  -3.61226  -1.80079    55.26473    54.68337     0.58136
  -1.77300  -4.05012  -1.80079    58.12887    57.61151     0.51736
  -0.72970  -3.90011  -1.80079    64.27277    64.39010    -0.11733
  -2.58678  -2.19854  -2.59141    58.43959    59.23472    -0.79513
  -2.04678  -3.13385  -2.59141    58.43932    58.49645    -0.05712
  -0.96678  -3.13385  -2.59141    64.59994    65.03989    -0.43995
   0.76223  -0.00052   4.31618    72.90398    72.83966     0.06433
   1.84223  -0.00052   4.02679    82.37409    82.02810     0.34599
   1.30223   0.93478   4.02679    77.64878    77.77642    -0.12764
   0.22223   0.93478   4.02679    71.30357    71.77060    -0.46703
  -0.31777  -0.00052   4.02679    69.19981    69.39579    -0.19598
   0.22223  -0.93583   4.02679    71.55379    71.97353    -0.41974
   1.30223  -0.93583   4.02679    78.18419    78.19840    -0.01421
   2.63284  -0.00052   3.23618   103.04901   102.39722     0.65180
   2.33589   1.01081   3.23618    95.76852    96.01034    -0.24182
   1.53931   1.70105   3.23618    85.56221    86.53437    -0.97217
   1.53931  -1.70209   3.23618    86.96609    87.64291    -0.67682
   2.33589  -1.01185   3.23618    98.10411    97.77004     0.33407
   1.98925   1.77712   2.15618   107.35209   108.73489    -1.38281
   3.73217  -2.39194   0.54665   111.54653   111.49720     0.04933
   5.11509  -0.69036  -0.53335   108.89590   109.14511    -0.24921
   3.21545  -2.83462  -0.53335   105.75024   104.88683     0.86340
   4.18211  -2.46801  -0.53335   103.76534   102.85419     0.91115
   4.86768  -1.69417  -0.53335   104.70873   104.19552     0.51321
   4.82571  -0.69036  -1.61335   104.99670   104.46057     0.53613
   3.73217  -2.39194  -1.61335   101.52659   100.25194     1.27465
   4.52875  -1.70169  -1.61335   101.75778   100.52444     1.23334
   4.03509  -0.69036  -2.40396   104.13816   103.28919     0.84896
   3.49509  -1.62567  -2.40396   101.96520   100.88942     1.07579
   2.95509  -0.69036  -2.69335   106.08880   105.58709     0.50172
   2.74992  -0.22628   3.20121   103.94970   103.16040     0.78929
   3.82992  -0.22628   2.91183   102.54793   101.72036     0.82756
   3.28992   0.70903   2.91183   104.78118   104.47216     0.30902
   3.28992  -1.16159   2.91183   102.48765   101.57758     0.91007
   4.62053  -0.22628   2.12121   105.25320   105.11222     0.14099
   4.32358   0.78505   2.12121   107.91698   108.11907    -0.20209
   3.52700   1.47529   2.12121   111.67247   112.14052    -0.46805
   2.48370  -2.07786   2.12121   106.84615   106.75404     0.09211
   3.52700  -1.92785   2.12121   105.10292   104.62840     0.47452
   4.32358  -1.23761   2.12121   104.48873   104.07565     0.41309
   4.47789   1.92821   0.93468   106.80625   106.67033     0.13592
   3.68131   2.61845   0.93468   105.00886   104.29484     0.71402
   2.63802   2.76845   0.93468   107.75444   107.03937     0.71506
   5.06423   0.91688  -0.14532   109.95072   110.38234    -0.43162
   4.81682   1.92068  -0.14532   103.88766   103.27717     0.61049
   4.13125   2.69452  -0.14532   102.00154   100.72761     1.27393
   3.16459   3.06113  -0.14532   103.40968   102.00950     1.40019
   4.77485   0.91688  -1.22532   109.42442   109.50467    -0.08025
   4.47789   1.92821  -1.22532   103.27494   102.45439     0.82055
   3.68131   2.61845  -1.22532   102.00774   100.88148     1.12626
   3.98423   0.91688  -2.01593   110.79111   110.74092     0.05019
   3.44423   1.85218  -2.01593   104.88748   104.57888     0.30860
  -3.83394   1.52737  -2.36666    51.41925    52.56808    -1.14883
  -4.27336   0.54043  -2.36666    49.45593    50.81462    -1.35869
  -4.27336  -0.53991  -2.36666    49.45936    50.81544    -1.35608
  -3.83394  -1.52686  -2.36666    51.42937    52.57052    -1.14115
  -0.75215   1.23707   4.12455    62.67572    63.26171    -0.58599
  -0.23912   2.12567   3.94363    63.53981    64.58964    -1.04983
  -1.26518   2.12567   3.94363    58.02281    58.95831    -0.93550
  -1.26518   0.34848   3.94363    63.10035    63.04325     0.05710
  -2.05118   3.48707   2.62455    54.54213    55.63469    -1.09256
  -2.53258   3.59475   1.64549    54.57371    55.28646    -0.71275
  -0.75197  -1.23774   4.12388    62.82403    63.37726    -0.55323
  -1.26500  -0.34915   3.94296    63.14210    63.07590     0.06619
  -1.26500  -2.12634   3.94296    58.15964    59.05619    -0.89655
  -0.23894  -2.12634   3.94296    63.80217    64.79157    -0.98940
  -2.05101  -3.48774   2.62388    54.60894    55.66435    -1.05541
  -2.53241  -3.59542   1.64483    54.60779    55.28860    -0.68081
   2.85737   2.30325  -2.37991    91.72139    92.29438    -0.57298
   2.22236   3.17727  -2.37991    79.23085    80.09087    -0.86002
   1.28676   3.71744  -2.37991    70.83727    71.61737    -0.78010
   0.21233   3.83036  -2.37991    65.83423    66.39843    -0.56420
   0.21244  -3.82991  -2.38046    65.86813    66.38680    -0.51866
   1.28686  -3.71698  -2.38046    70.93210    71.64083    -0.70873
   2.22247  -3.17681  -2.38046    79.68620    80.38646    -0.70027
   2.85747  -2.30280  -2.38046    93.78377    93.81269    -0.02893
  -1.49896   2.18119  -3.22270    62.46105    62.86973    -0.40869
  -1.49885  -2.18104  -3.22319    62.52165    62.90275    -0.38111
  -0.86510  -0.00034   4.05858    64.83092    64.91647    -0.08556
   3.30093   1.75415   2.37105   102.18448   102.55699    -0.37251
   2.22542   1.90878   2.37105   101.37909   102.32607    -0.94698
   5.09793   0.00005   1.57292   101.12565   101.53628    -0.41062
   4.87332   1.05678   1.57292   101.22380   101.66076    -0.43697
   4.23831   1.93080   1.57292   102.32116   102.48253    -0.16137
   2.22828   2.58389   1.57292   102.15260   102.26871    -0.11610
   2.22828  -2.58380   1.57292   102.36000   102.34691     0.01309
   5.45428   0.00005   0.59386    99.58849   100.20058    -0.61209
   5.25477   1.06731   0.59386   100.70734   101.10349    -0.39616
   3.81675  -2.64464   0.59386   102.48234   102.33331     0.14904
   4.68320  -1.99033   0.59386   101.89920   102.01912    -0.11993
   5.25477  -1.06721   0.59386   100.44831   100.89398    -0.44567
   5.45428   0.00005  -0.44803   100.08872   100.51165    -0.42293
   5.09793   0.00005  -1.42708   101.39414   101.45180    -0.05766
   4.12210   1.04260  -2.22522   101.47071   101.36230     0.10841
   3.01288   0.88864  -2.74616    99.99141   100.17180    -0.18039
   2.49985   0.00005  -2.92708   100.54582   100.56621    -0.02039
  -3.97522   1.41819   1.04060    55.92747    54.68118     1.24629
  -4.54683   0.52874   1.04061    52.89483    51.40459     1.49023
  -4.54683  -0.52854   1.04060    52.90020    51.40563     1.49457
  -3.97522  -1.41798   1.04061    55.94539    54.68455     1.26084
  -4.20530   1.82945   0.07828    53.19094    52.80425     0.38669
  -4.85456   1.01531   0.07828    50.24059    49.47433     0.76626
  -5.08627   0.00010   0.07828    49.36798    48.45334     0.91463
  -4.85456  -1.01511   0.07828    50.24667    49.47463     0.77204
  -4.20530  -1.82925   0.07828    53.20232    52.80387     0.39845
  -4.20530   1.82945  -0.98982    52.00022    52.35620    -0.35597
  -4.85456   1.01531  -0.98982    48.97238    49.03481    -0.06243
  -5.08627   0.00010  -0.98982    48.10201    48.02991     0.07210
  -4.85456  -1.01511  -0.98982    48.97716    49.03472    -0.05756
  -4.20530  -1.82925  -0.98982    52.00858    52.35507    -0.34649
  -4.54683   0.52874  -1.95215    48.97149    50.01414    -1.04265
  -4.54683  -0.52854  -1.95215    48.97435    50.01440    -1.04005
  -2.08420   1.85774  -3.45574    58.37404    58.68573    -0.31168
  -3.04594   1.41853  -3.45574    53.10424    53.63325    -0.52901
  -3.61755   0.52909  -3.45574    50.48219    51.19333    -0.71114
  -3.61755  -0.52819  -3.45574    50.48750    51.19597    -0.70847
  -3.04594  -1.41764  -3.45574    53.12253    53.64284    -0.52031
  -2.08420  -1.85685  -3.45574    58.41619    58.71033    -0.29414
  -0.77584   0.00045  -4.12169    66.09691    65.29142     0.80550
  -1.29650   0.90226  -4.12169    61.70913    61.20295     0.50618
  -2.33782   0.90226  -4.12169    55.21300    55.05799     0.15502
  -2.85848   0.00045  -4.12169    52.68429    52.65810     0.02619
  -2.33782  -0.90136  -4.12169    55.23363    55.07086     0.16277
  -1.29650  -0.90136  -4.12169    61.75460    61.23400     0.52060
  -1.81716   0.00045  -4.35936    57.57639    57.06747     0.50892
   0.81246   2.13497   3.63541    72.42415    73.36663    -0.94248
   0.29180   3.03678   3.63541    63.73802    64.52529    -0.78727
  -0.74953   3.03678   3.63541    58.60664    59.74614    -1.13950
   1.64753   2.13497   2.96946    85.25291    86.20855    -0.95563
   1.34966   3.14943   2.96946    73.02484    73.44841    -0.42356
   0.55062   3.84180   2.96946    63.93497    64.29145    -0.35648
  -0.49590   3.99227   2.96946    58.31360    59.01735    -0.70375
  -1.45764   3.55305   2.96946    55.88916    57.09276    -1.20360
   1.87925   3.15018   2.00713    84.64692    84.77496    -0.12805
   1.22999   3.96432   2.00713    71.58065    71.56676     0.01389
   0.29180   4.41613   2.00713    63.30821    63.49634    -0.18813
  -0.74953   4.41613   2.00713    58.38721    58.99950    -0.61229
  -1.68772   3.96432   2.00713    56.16603    57.21514    -1.04911
   0.29180   4.41613   0.93903    67.19438    67.31282    -0.11844
  -0.74953   4.41613   0.93903    61.51138    62.04473    -0.53334
  -1.68060   1.14629   4.09189    58.15868    58.27970    -0.12102
  -2.20126   2.04810   3.85422    54.45655    54.71892    -0.26238
  -2.72192   1.14629   3.85422    54.41533    53.79735     0.61798
  -2.20126   0.24447   3.85422    58.57351    57.86701     0.70650
  -2.90938   2.56437   3.18827    52.35877    52.39264    -0.03387
  -3.48099   1.67493   3.18827    52.29548    51.43461     0.86087
  -3.48099   0.61764   3.18827    54.47599    53.01885     1.45714
  -3.13946   2.97564   2.22594    52.72586    52.87755    -0.15169
  -3.78871   2.16150   2.22594    52.22826    51.51388     0.71438
  -4.02043   1.14629   2.22594    53.56983    52.11721     1.45262
  -3.78871   0.13107   2.22594    56.93347    54.83244     2.10104
  -3.78871   2.16150   1.15784    54.46553    53.89732     0.56821
  -1.68034  -1.14744   4.09148    58.23368    58.33327    -0.09959
  -2.20101  -0.24563   3.85381    58.59100    57.87971     0.71128
  -2.72167  -1.14744   3.85381    54.45675    53.82305     0.63369
  -2.20101  -2.04925   3.85381    54.53293    54.76731    -0.23438
  -3.48073  -0.61880   3.18786    54.49450    53.02910     1.46539
  -3.48073  -1.67608   3.18786    52.33082    51.45210     0.87871
  -2.90912  -2.56552   3.18786    52.41284    52.41970    -0.00687
  -3.78846  -0.13222   2.22553    56.94017    54.83678     2.10339
  -4.02017  -1.14744   2.22553    53.58969    52.12502     1.46468
  -3.78846  -2.16265   2.22553    52.25832    51.52402     0.73430
  -3.13920  -2.97679   2.22553    52.76598    52.88992    -0.12394
  -3.78846  -2.16265   1.15743    54.48690    53.89990     0.58701
   0.81256  -2.13583   3.63442    73.01936    73.83656    -0.81719
  -0.74942  -3.03764   3.63442    58.77544    59.86356    -1.08812
   0.29190  -3.03764   3.63442    64.03672    64.74603    -0.70931
   1.64764  -2.13583   2.96847    86.68038    87.32803    -0.64765
  -1.45754  -3.55392   2.96847    55.98126    57.14273    -1.16147
  -0.49580  -3.99313   2.96847    58.42165    59.07649    -0.65485
   0.55072  -3.84266   2.96847    64.11751    64.40609    -0.28858
   1.34976  -3.15029   2.96847    73.51822    73.81008    -0.29186
  -1.68762  -3.96518   2.00615    56.20863    57.21960    -1.01097
  -0.74942  -4.41700   2.00615    58.41278    58.98480    -0.57202
   0.29190  -4.41700   2.00615    63.31041    63.45445    -0.14405
   1.23010  -3.96518   2.00615    71.57540    71.50796     0.06744
   1.87935  -3.15105   2.00615    84.89526    84.90957    -0.01431
  -0.74942  -4.41700   0.93805    61.46792    61.96450    -0.49658
   0.29190  -4.41700   0.93805    67.05096    67.13490    -0.08394
   2.44595   1.15766  -3.46365    83.84183    84.04830    -0.20647
   2.14808   2.17212  -3.46365    76.43302    76.91552    -0.48250
   1.34904   2.86449  -3.46365    69.61237    70.14993    -0.53756
   0.30251   3.01496  -3.46365    65.32804    65.68814    -0.36010
  -0.65922   2.57575  -3.46365    63.82306    64.03662    -0.21356
   2.14808   0.14321  -3.46365    87.94022    87.86801     0.07221
   1.61087   1.15766  -4.12960    73.37648    73.10920     0.26728
   1.09021   2.05947  -4.12960    67.96517    67.84729     0.11788
   0.04889   2.05947  -4.12960    64.63212    64.38467     0.24744
  -0.47177   1.15766  -4.12960    65.93591    65.35002     0.58589
   0.04889   0.25585  -4.12960    70.79371    69.92272     0.87100
   1.09021   0.25585  -4.12960    74.92617    74.27925     0.64692
   0.56955   1.15766  -4.36728    68.02707    67.45009     0.57698
   2.60369   3.16530   0.92575    96.67118    96.05330     0.61788
   1.80465   3.85767   0.92575    81.21203    80.80497     0.40706
   2.48403   3.98019  -0.03657    81.96833    81.33508     0.63325
   1.54583   4.43201  -0.03657    73.16765    72.80513     0.36251
   0.50451   4.43201  -0.03657    69.30772    69.29505     0.01267
   3.13328   3.16606  -1.10467    93.90887    93.23090     0.67798
   2.48402   3.98019  -1.10467    78.60003    78.33550     0.26453
   1.54583   4.43201  -1.10467    70.76200    70.69288     0.06912
   0.50451   4.43201  -1.10467    67.29842    67.45998    -0.16156
   2.60369   3.16530  -2.06700    83.31350    83.79415    -0.48065
   1.80465   3.85767  -2.06700    72.92277    73.42521    -0.50244
   0.75813   4.00814  -2.06700    68.22860    68.79283    -0.56423
   1.80451  -3.85688   0.92497    80.56365    80.19436     0.36930
   2.60355  -3.16450   0.92497    94.84285    94.52376     0.31909
   0.50436  -4.43121  -0.03736    69.07730    69.03690     0.04040
   1.54568  -4.43121  -0.03736    72.67800    72.33010     0.34790
   2.48388  -3.97940  -0.03736    80.83955    80.36089     0.47866
   3.13314  -3.16526  -0.03736    97.07416    96.53138     0.54279
   0.50436  -4.43121  -1.10546    67.14075    67.27097    -0.13022
   1.54568  -4.43121  -1.10546    70.45618    70.37455     0.08162
   2.48388  -3.97940  -1.10546    78.01349    77.79332     0.22017
   3.13314  -3.16526  -1.10546    92.88857    92.37094     0.51763
   0.75799  -4.00735  -2.06778    68.20996    68.72601    -0.51604
   1.80451  -3.85688  -2.06778    72.92542    73.36244    -0.43702
   2.60355  -3.16450  -2.06778    83.71489    84.02988    -0.31499
   2.44591  -1.15636  -3.46440    84.98138    84.94525     0.03613
   2.14804  -0.14190  -3.46440    88.09866    87.99413     0.10453
  -0.65926  -2.57444  -3.46440    63.93835    64.10998    -0.17163
   0.30248  -3.01366  -3.46440    65.51822    65.81831    -0.30009
   1.34900  -2.86319  -3.46440    70.01126    70.44478    -0.43352
   2.14804  -2.17082  -3.46440    77.31014    77.59052    -0.28038
   1.61084  -1.15636  -4.13035    73.77434    73.42274     0.35160
   1.09018  -0.25455  -4.13035    74.99688    74.33412     0.66276
   0.04885  -0.25455  -4.13035    70.82329    69.94338     0.87991
  -0.47181  -1.15636  -4.13035    66.03170    65.41759     0.61410
   0.04885  -2.05817  -4.13035    64.80885    64.51290     0.29596
   1.09018  -2.05817  -4.13035    68.30431    68.10652     0.19779
   0.56952  -1.15636  -4.36803    68.20480    67.58602     0.61878
  -1.77398   4.05617   0.77658    58.63876    59.24802    -0.60926
  -2.73572   3.61695   0.77658    55.46059    55.77316    -0.31257
  -0.98628   4.48003  -0.18575    61.03923    61.19514    -0.15591
  -2.02761   4.48003  -0.18575    55.65350    55.51124     0.14226
  -2.96580   4.02822  -0.18575    53.10465    52.85097     0.25368
  -3.61506   3.21408  -0.18575    52.69751    52.57513     0.12238
  -3.84677   2.19887  -0.18575    54.70057    54.69146     0.00911
  -0.98628   4.48003  -1.25385    59.80490    59.74322     0.06167
  -2.02761   4.48003  -1.25385    54.91743    54.50702     0.41041
  -2.96580   4.02822  -1.25385    52.49264    52.02924     0.46340
  -3.61506   3.21408  -1.25385    51.92834    51.77809     0.15025
  -3.84677   2.19887  -1.25385    53.29738    53.77003    -0.47265
  -0.72746   3.90570  -2.21617    62.06689    62.29595    -0.22906
  -1.77398   4.05617  -2.21617    56.14076    55.93426     0.20651
  -2.73572   3.61695  -2.21617    53.39279    53.15975     0.23304
  -3.30733   2.72751  -2.21617    53.15183    53.43221    -0.28038
  -0.98628   3.10068  -2.88212    62.70233    63.12453    -0.42220
  -2.02761   3.10068  -2.88212    56.91084    57.11792    -0.20708
  -2.54827   2.19887  -2.88212    57.15459    57.82591    -0.67132
  -2.73556  -3.61663   0.77558    55.48053    55.76624    -0.28571
  -1.77382  -4.05584   0.77558    58.64299    59.21952    -0.57653
  -3.84661  -2.19854  -0.18674    54.71301    54.69092     0.02208
  -3.61489  -3.21376  -0.18674    52.70910    52.56976     0.13934
  -2.96564  -4.02789  -0.18674    53.11045    52.83576     0.27469
  -2.02744  -4.47971  -0.18674    55.64283    55.47522     0.16761
  -0.98612  -4.47971  -0.18674    60.98567    61.11122    -0.12555
  -3.84661  -2.19854  -1.25484    53.30596    53.76783    -0.46187
  -3.61489  -3.21376  -1.25484    51.93704    51.77189     0.16515
  -2.96564  -4.02789  -1.25484    52.49722    52.01479     0.48243
  -2.02744  -4.47971  -1.25484    54.90971    54.47597     0.43374
  -0.98612  -4.47971  -1.25484    59.76752    59.67765     0.08987
  -3.30717  -2.72719  -2.21717    53.16429    53.43031    -0.26602
  -2.73556  -3.61663  -2.21717    53.40489    53.15269     0.25220
  -1.77382  -4.05584  -2.21717    56.14945    55.91803     0.23142
  -0.72730  -3.90537  -2.21717    62.07437    62.27020    -0.19584
  -2.54810  -2.19854  -2.88312    57.17822    57.83281    -0.65459
  -2.02744  -3.10035  -2.88312    56.94072    57.12441    -0.18369
  -0.98612  -3.10035  -2.88312    62.76213    63.14874    -0.38661
   0.76223  -0.00052   4.55618    69.26130    69.29783    -0.03652
   1.80355  -0.00052   4.31850    76.56294    76.38657     0.17637
   1.28289   0.90129   4.31850    72.97250    73.11233    -0.13983
   0.24157   0.90129   4.31850    67.90652    68.27940    -0.37288
  -0.27909  -0.00052   4.31850    66.13442    66.34016    -0.20573
   0.24157  -0.90233   4.31850    68.11165    68.44291    -0.33126
   1.28289  -0.90233   4.31850    73.36645    73.41999    -0.05354
   2.63862  -0.00052   3.65255    90.87255    90.48192     0.39063
   2.34075   1.01393   3.65255    86.27034    86.38484    -0.11450
   1.54171   1.70631   3.65255    78.83996    79.47689    -0.63693
   1.54171  -1.70735   3.65255    79.83835    80.25494    -0.41660
   2.34075  -1.01498   3.65255    87.62681    87.40704     0.21977
   2.22109   1.82883   2.69023    96.26083    97.13041    -0.86958
   3.47575  -2.97153   0.00070    99.77737    99.26326     0.51412
   4.41395  -2.51971   0.00070    98.38868    98.00599     0.38269
   5.06320  -1.70558   0.00070    99.67840    99.64214     0.03626
   5.29492  -0.69036  -1.06740    98.99439    98.89695     0.09745
   3.47575  -2.97153  -1.06740    95.85942    95.10449     0.75493
   4.41395  -2.51971  -1.06740    94.64998    93.77048     0.87950
   5.06320  -1.70558  -1.06740    95.58796    94.97609     0.61187
   4.83149  -0.69036  -2.02973    96.81238    96.29166     0.52072
   3.73458  -2.39719  -2.02973    93.84256    92.95943     0.88314
   4.53362  -1.70482  -2.02973    94.01918    93.06689     0.95229
   3.99641  -0.69036  -2.69567    96.67898    96.05067     0.62831
   3.47575  -1.59217  -2.69567    94.87350    94.18315     0.69035
   2.95509  -0.69036  -2.93335    98.80118    98.47586     0.32532
   3.79124  -0.22628   3.20354    94.82729    94.22160     0.60569
   3.27058   0.67553   3.20354    96.78996    96.53922     0.25073
   3.27058  -1.12809   3.20354    94.85170    94.20973     0.64197
   4.62631  -0.22628   2.53759    96.33729    96.07256     0.26473
   4.32844   0.78818   2.53759    98.35437    98.33876     0.01561
   3.52940   1.48055   2.53759   101.16117   101.40272    -0.24155
   2.48288  -2.08358   2.53759    98.03322    98.00284     0.03038
   3.52940  -1.93311   2.53759    96.30588    95.86244     0.44344
   4.32844  -1.24074   2.53759    95.71351    95.26633     0.44718
   5.08974  -0.22628   1.57526   101.18984   101.56136    -0.37152
   3.27058  -2.50744   1.57526   101.94919   101.83085     0.11834
   4.20877  -2.05563   1.57526   100.70665   100.67669     0.02995
   4.85803  -1.24149   1.57526   100.29680   100.44885    -0.15205
   4.48276   1.93133   1.35106   100.92127   101.00142    -0.08015
   3.68372   2.62370   1.35106    98.99350    98.70144     0.29206
   2.63719   2.77417   1.35106   101.45021   101.19667     0.25354
   5.01234   1.93209   0.38873    97.47713    97.24158     0.23555
   4.36309   2.74623   0.38873    95.30219    94.55138     0.75081
   3.42489   3.19804   0.38873    95.95070    95.00509     0.94561
   5.01234   1.93209  -0.67937    96.07537    95.59093     0.48444
   4.36309   2.74623  -0.67937    94.12217    93.18200     0.94017
   3.42489   3.19804  -0.67937    94.85668    93.85576     1.00092
   4.48276   1.93133  -1.64169    96.17352    95.64552     0.52801
   3.68372   2.62370  -1.64169    94.91479    94.30232     0.61247
   3.42489   1.81869  -2.30764    98.19065    98.15094     0.03971
