
Resp charges for organic molecule                                               

iqopt   irstrnt  ihfree     qwt
  2      1      1        0.001000

 rel.rms   dipole mom       Qxx      Qyy      Qzz
    0.01239   9.66150  50.95108 -24.60830 -26.34278

          Point charges before & after optimization
    NO   At.No.    q0           q(opt)   IVARY  d(rstr)/dq 
     1     6  -0.155268      -0.118484    0    0.006449
     2     6  -0.189013      -0.195352    0    0.004557
     3     6  -0.197435      -0.195352    2    0.004557
     4     6  -0.198358      -0.214362    0    0.004228
     5     6  -0.187994      -0.214362    4    0.004228
     6     6   0.067085       0.067085  -99    0.008304
     7     6   0.067085       0.067085  -99    0.008304
     8     6   0.015403       0.015403  -99    0.009883
     9     6   0.292963       0.292963  -99    0.003230
    10     7  -0.455166      -0.455166  -99    0.002146
    11     1   0.063228       0.050249    0    0.000000
    12     1   0.054762       0.050249   11    0.000000
    13     1   0.052706       0.073574    0    0.000000
    14     1   0.084860       0.073574   13    0.000000
    15     1   0.085790       0.073574   13    0.000000
    16     1   0.057577       0.073574   13    0.000000
    17     1   0.078937       0.086410    0    0.000000
    18     1   0.089399       0.086410   17    0.000000
    19     1   0.083565       0.086410   17    0.000000
    20     1   0.079770       0.086410   17    0.000000
    21     1   0.044889       0.044889  -99    0.000000
    22     1   0.044889       0.044889  -99    0.000000
    23     1   0.067321       0.067321  -99    0.000000
    24     1   0.351002       0.351002  -99    0.000000
    25     1   0.351002       0.351002  -99    0.000000
    26     1   0.351002       0.351002  -99    0.000000

        Statistics of the fitting:
  The initial sum of squares (ssvpot)                     15.391
  The residual sum of squares (chipot)                     0.002
  The std err of estimate (sqrt(chipot/N))               0.00158
  ESP relative RMS (SQRT(chipot/ssvpot))                 0.01239

 Dipole Moment (Debye)=   9.66150
