 1215     6      6224342.7755825026     1760.2991969734
  -4.77951   1.23599  -0.38491    41.07294    42.76433    -1.69138
  -1.82010   0.67669  -2.24318    59.56547    60.86231    -1.29684
  -1.58495  -3.03025  -1.82031    63.51756    64.90834    -1.39078
   0.15468   3.34672   2.29170    53.21435    55.77452    -2.56017
  -3.23558  -3.53188   0.38741    49.95568    51.74683    -1.79115
   0.29139   4.62753  -0.12092    52.39362    52.73877    -0.34515
   2.56601   3.64724  -1.17092    65.07988    67.11909    -2.03920
  -1.36664  -1.59757   2.73341    62.66186    63.27039    -0.60853
  -0.06351  -3.68226   0.91476    78.40337    77.88620     0.51717
   3.35427   2.37075   0.56738    85.81482    84.57626     1.23855
   0.29983  -2.57508  -1.93640    91.10909    94.42496    -3.31587
   2.62851  -0.47379   2.54167    96.58336   100.28879    -3.70543
   1.84469   2.23567   1.77302    77.48882    76.31157     1.17725
   4.28443  -1.30952   1.13472   133.81166   132.31792     1.49374
   5.05308  -1.30952  -1.73393   136.30823   139.06840    -2.76017
   4.28443  -1.30952  -2.50259   135.82779   138.97998    -3.15219
  -3.22225   1.80066   2.18375    42.99232    46.75412    -3.76180
  -2.91710   2.73981   1.86290    44.26357    46.01535    -1.75178
  -4.02113   2.38108   1.86290    41.75489    42.13680    -0.38190
  -4.02113   1.22023   1.86290    41.93743    44.62934    -2.69191
  -2.94480   3.37416   1.02290    46.34444    45.00655     1.33789
  -4.02113   3.18437   1.02290    43.29765    41.11713     2.18052
  -4.72366   2.34713   1.02290    41.52713    40.24064     1.28649
  -4.72366   1.25419   1.02290    41.30027    42.30975    -1.00949
  -2.94480   3.37416  -0.01540    48.00484    45.68584     2.31899
  -4.02113   3.18437  -0.01540    44.12699    41.66225     2.46474
  -4.72366   2.34713  -0.01540    42.09016    40.77328     1.31688
  -4.72366   1.25419  -0.01540    41.79502    43.00061    -1.20559
  -4.02113   2.38108  -0.85540    44.64000    43.75859     0.88141
  -2.18741   0.66324   3.02269    54.00631    52.69113     1.31518
  -1.19993   0.66324   2.70183    64.53702    61.42697     3.11005
  -1.88227   1.60239   2.70183    52.47996    53.10246    -0.62249
  -2.98630   1.24367   2.70183    46.16137    47.91058    -1.74921
  -2.98630   0.08281   2.70183    50.47873    50.10931     0.36942
  -1.88227  -0.27591   2.70183    60.36228    58.37967     1.98260
  -3.68883   0.11677   1.86183    46.89528    48.18682    -1.29155
  -2.98630  -0.72047   1.86183    53.96168    53.75542     0.20626
  -4.04823  -0.49994   1.91107    46.39614    46.55069    -0.15455
  -4.84712   0.08048   1.59022    42.51417    42.41511     0.09906
  -4.84712  -1.08037   1.59022    44.48993    42.94210     1.54783
  -4.84712   0.88377   0.75022    41.22608    42.54355    -1.31747
  -5.54965   0.04653   0.75022    40.05729    39.96753     0.08976
  -5.54965  -1.04641   0.75022    41.69712    40.32056     1.37656
  -4.84712  -1.88366   0.75022    44.76486    43.64122     1.12364
  -5.54965   0.04653  -0.28808    38.10913    40.37276    -2.26363
  -5.54965  -1.04641  -0.28808    39.89831    40.67533    -0.77702
  -4.84712  -1.88366  -0.28808    43.50297    43.99601    -0.49304
  -4.47093   1.61978  -0.77979    43.03610    43.47535    -0.43926
  -5.17346   0.78254  -0.77979    38.80727    41.41502    -2.60775
  -3.39460   1.80957  -1.81808    48.66903    47.60559     1.06344
  -4.47093   1.61978  -1.81808    43.57807    42.59186     0.98621
  -5.17346   0.78254  -1.81808    40.67257    40.63467     0.03790
  -5.17346  -0.31040  -1.81808    40.10278    41.55091    -1.44812
  -4.47093  -1.14764  -1.81808    44.08038    45.44882    -1.36844
  -2.68457   0.23607  -2.65808    53.41468    53.83614    -0.42147
  -3.36690   1.17522  -2.65808    48.70617    47.68895     1.01722
  -4.47093   0.81650  -2.65808    44.42021    42.69482     1.72539
  -4.47093  -0.34436  -2.65808    44.18222    43.81997     0.36225
  -3.36690  -0.70308  -2.65808    49.62801    50.31018    -0.68217
  -3.67205   0.23607  -2.97894    47.77600    46.82871     0.94729
  -0.40968  -0.14273  -2.26553    87.74905    81.22752     6.52153
  -0.71482   0.79641  -2.58638    69.31201    69.23468     0.07733
  -2.48485   3.61921  -0.69868    49.18228    46.71697     2.46531
  -1.40852   3.80900  -1.73698    52.23896    49.74052     2.49844
  -2.48485   3.61921  -1.73698    49.02650    45.90204     3.12446
  -3.18738   2.78197  -1.73698    48.00531    45.77674     2.22857
  -0.69849   2.23550  -2.57698    59.14450    60.42054    -1.27605
  -1.38082   3.17465  -2.57698    53.32881    51.37220     1.95662
  -2.48485   2.81593  -2.57698    50.13751    47.58960     2.54791
  -2.48485   1.65507  -2.57698    51.61266    51.67654    -0.06388
  -1.38082   1.29635  -2.57698    58.14310    60.69367    -2.55056
  -1.68597   2.23550  -2.89783    53.62151    53.17955     0.44196
  -3.78101  -2.66721   0.05578    49.46954    49.57299    -0.10345
  -4.48354  -2.63325  -0.78422    45.42811    45.30032     0.12778
  -3.78101  -3.47049  -0.78422    48.78000    48.12303     0.65698
  -4.48354  -1.54031  -1.82252    44.60350    45.30831    -0.70481
  -4.48354  -2.63325  -1.82252    45.88925    44.52251     1.36673
  -3.78101  -3.47049  -1.82252    49.08977    47.12098     1.96879
  -2.70467  -3.66028  -1.82252    54.24159    53.44359     0.79800
  -1.75816  -3.11381  -1.82252    61.80427    62.93120    -1.12693
  -3.78101  -1.50635  -2.66252    47.36640    47.89063    -0.52422
  -3.78101  -2.66721  -2.66252    48.33700    46.98490     1.35210
  -2.67698  -3.02593  -2.66252    53.14843    53.20605    -0.05762
  -2.98212  -2.08678  -2.98337    50.68467    51.71708    -1.03241
  -0.62514  -1.06665  -2.89115    77.87301    75.21428     2.65872
  -1.30747  -0.12750  -2.89115    67.29721    65.43759     1.85962
  -2.41150  -0.48622  -2.89115    55.63525    56.21361    -0.57836
  -2.41150  -1.64708  -2.89115    54.18510    56.59463    -2.40953
  -1.30747  -2.00580  -2.89115    65.16084    66.12882    -0.96797
  -1.61262  -1.06665  -3.21200    62.38455    61.98289     0.40166
  -0.84314   3.40491   2.34460    47.93803    51.31468    -3.37665
  -0.53799   4.34406   2.02375    48.25271    48.35054    -0.09783
  -1.64203   3.98534   2.02375    46.48176    46.29087     0.19089
   0.38082   4.43194   1.18375    53.03406    52.72437     0.30969
  -0.56569   4.97841   1.18375    48.72298    46.57113     2.15185
  -1.64203   4.78863   1.18375    47.41363    44.19916     3.21447
  -2.34456   3.95138   1.18375    47.17482    45.16687     2.00794
  -0.56569   4.97841   0.14545    49.70223    47.57108     2.13115
  -1.64203   4.78863   0.14545    48.43254    44.99503     3.43751
  -2.34456   3.95138   0.14545    48.88330    45.98668     2.89662
  -0.53799   4.34406  -0.69455    52.88660    51.47171     1.41489
  -1.64203   3.98534  -0.69455    51.45431    48.77733     2.67697
  -0.25738   1.91812   3.11522    60.20130    59.01568     1.18563
   0.73010   1.91812   2.79437    68.91007    66.94857     1.96151
   0.04777   2.85726   2.79437    54.93965    56.43664    -1.49699
  -1.05627   2.49854   2.79437    51.37688    53.36333    -1.98646
  -1.05627   1.33769   2.79437    60.90813    59.09954     1.80858
   0.04777   0.97897   2.79437    73.78250    69.51474     4.26777
  -2.35160  -2.26153   2.91209    55.50611    54.06164     1.44447
  -2.04645  -1.32238   2.59124    58.94550    58.54488     0.40063
  -3.15048  -1.68110   2.59124    52.44978    50.66686     1.78292
  -3.15048  -2.84195   2.59124    51.54168    49.40657     2.13512
  -2.04645  -3.20068   2.59124    55.94152    55.47888     0.46263
  -3.15048  -0.87781   1.75124    53.09107    53.00570     0.08537
  -3.85301  -1.71506   1.75124    49.92027    48.49938     1.42089
  -3.85301  -2.80800   1.75124    48.96877    47.43337     1.53540
  -3.15048  -3.64524   1.75124    49.86424    49.93431    -0.07007
  -2.07415  -3.83503   1.75124    54.32208    56.33584    -2.01377
  -3.85301  -2.80800   0.71294    48.67857    48.77890    -0.10033
  -3.15048  -3.64524   0.71294    49.71508    51.81909    -2.10401
  -1.19105  -4.11097   1.40672    60.88494    62.29654    -1.41160
  -2.29509  -4.55554   0.56672    53.15759    54.07685    -0.91926
  -1.21875  -4.74532   0.56672    60.72129    60.21405     0.50724
  -0.27223  -4.19885   0.56672    72.99698    72.37966     0.61732
  -2.99762  -3.71829  -0.47158    52.70069    52.99732    -0.29663
  -2.29509  -4.55554  -0.47158    55.14274    54.52121     0.62154
  -1.21875  -4.74532  -0.47158    62.68252    61.07918     1.60334
  -0.27223  -4.19885  -0.47158    75.94627    74.47577     1.47050
  -0.50872  -3.17182  -1.31158    78.50495    79.29346    -0.78852
  -2.29509  -3.75225  -1.31158    57.78223    57.27411     0.50812
  -1.19105  -4.11097  -1.31158    65.34524    64.63068     0.71456
  -1.49620  -3.17182  -1.63243    64.98857    65.88596    -0.89738
   1.17247   4.78421  -0.54445    51.72790    54.34880    -2.62090
   0.09613   4.59442  -0.54445    52.31717    52.40096    -0.08380
   2.49279   3.21070  -1.58274    70.50980    71.54605    -1.03625
   2.11898   4.23773  -1.58274    57.75511    59.50713    -1.75203
   1.17247   4.78421  -1.58274    52.86963    53.26316    -0.39353
   0.09613   4.59442  -1.58274    52.58666    51.60457     0.98209
  -0.60640   3.75718  -1.58274    55.89551    54.08749     1.80802
   1.88250   3.21070  -2.42274    65.84795    66.42125    -0.57330
   1.20016   4.14985  -2.42274    57.18762    56.17864     1.00898
   0.09613   3.79113  -2.42274    56.82190    55.14535     1.67655
   0.09613   2.63028  -2.42274    63.44120    63.53002    -0.08882
   1.20016   2.27156  -2.42274    72.74705    73.87357    -1.12652
   0.89502   3.21070  -2.74359    62.25762    61.48180     0.77582
   1.63611   3.32930   2.18995    61.76644    61.43627     0.33017
   2.62359   3.32930   1.86910    66.16928    64.63400     1.53529
   1.94126   4.26844   1.86910    57.63222    55.64213     1.99009
   0.83722   3.90972   1.86910    55.58947    55.89846    -0.30899
   1.94126   2.39015   1.86910    74.30255    74.01285     0.28969
   3.23389   3.32930   1.02910    70.09245    68.47517     1.61728
   2.86008   4.35633   1.02910    60.31356    58.01262     2.30094
   1.91356   4.90280   1.02910    54.59188    53.02542     1.56646
   0.83722   4.71301   1.02910    52.69941    52.44791     0.25150
   3.23389   3.32930  -0.00919    71.87631    71.43803     0.43827
   2.86008   4.35633  -0.00919    59.91418    59.79562     0.11855
   1.91356   4.90280  -0.00919    53.45357    54.44025    -0.98668
  -0.45674  -0.56328   2.91533    68.04602    69.49435    -1.44833
   0.53074  -0.56328   2.59448    81.43717    82.84712    -1.40996
  -0.15159   0.37587   2.59448    76.66125    72.96053     3.70073
  -1.25563   0.01714   2.59448    66.85486    63.82576     3.02909
  -0.02249  -2.16652   3.48559    67.39183    66.39972     0.99212
   0.96499  -2.16652   3.16473    78.17855    77.30537     0.87318
   0.28266  -1.22737   3.16473    72.05963    73.59963    -1.54000
  -0.82138  -1.58610   3.16473    63.48888    64.48584    -0.99696
  -0.82138  -2.74695   3.16473    63.05847    61.97777     1.08070
   0.28266  -3.10567   3.16473    70.11403    67.83675     2.27728
   1.20147  -1.13949   2.32473    95.99647    96.31156    -0.31509
  -0.82138  -3.55023   2.32473    64.38483    64.04007     0.34476
   0.25496  -3.74002   2.32473    72.18869    70.74214     1.44655
   1.20147  -3.19355   2.32473    84.84297    83.58085     1.26212
   0.25496  -3.74002   1.28644    78.60223    78.41340     0.18883
   1.20147  -3.19355   1.28644    96.72878    96.36944     0.35935
   2.25331   0.82836  -2.59914    98.65061   102.19175    -3.54115
   1.57098   1.76751  -2.59914    78.54294    81.10260    -2.55966
   0.46694   1.40878  -2.59914    76.57236    76.19457     0.37779
   0.46694   0.24793  -2.59914    91.88367    87.89467     3.98900
   1.57098  -0.11079  -2.59914   113.81973   111.94865     1.87108
   1.26583   0.82836  -2.91999    87.51053    87.44891     0.06162
   4.37902   1.68838  -0.40801   101.50956    99.22928     2.28028
   4.00521   2.71541  -0.40801    81.17866    79.56052     1.61815
   3.05869   3.26189  -0.40801    73.15444    72.95418     0.20026
   4.37902   1.68838  -1.44631    98.77087    96.26600     2.50487
   4.00521   2.71541  -1.44631    80.10427    77.94111     2.16316
   3.05869   3.26189  -1.44631    71.38667    71.49812    -0.11145
   3.76872   1.68838  -2.28631    92.23047    91.56230     0.66817
   3.08639   2.62753  -2.28631    76.28562    76.37805    -0.09243
   3.08639   0.74924  -2.28631   112.25550   115.36048    -3.10498
   2.78124   1.68838  -2.60716    85.64743    88.12500    -2.47757
   1.28895  -3.65391   0.95459    93.95010    93.84463     0.10547
   0.18491  -4.09848   0.11459    81.41392    80.00401     1.40991
   1.26125  -4.28826   0.11459    90.35376    88.57564     1.77812
   2.20776  -3.74179   0.11459   112.90000   111.11743     1.78257
   0.18491  -4.09848  -0.92371    81.93072    80.53610     1.39462
   1.26125  -4.28826  -0.92371    91.88666    89.66286     2.22379
   2.20776  -3.74179  -0.92371   116.19367   114.15206     2.04161
   1.97128  -2.71476  -1.76371   132.91548   133.23271    -0.31723
   0.18491  -3.29519  -1.76371    85.00884    86.28770    -1.27886
   1.28895  -3.65391  -1.76371    97.66257    97.23386     0.42870
   0.98380  -2.71476  -2.08456   101.61264   104.44488    -2.83224
  -0.29100  -1.71973  -2.38480    85.81371    84.70882     1.10489
   0.81303  -2.07845  -2.38480   101.92154   104.01683    -2.09530
   0.50789  -1.13930  -2.70565    97.65634    95.77353     1.88280
   3.05321   0.74138   2.86238    80.55757    83.45977    -2.90220
   4.04069   0.74138   2.54153    85.14794    85.11595     0.03200
   3.35836   1.68053   2.54153    77.34732    77.94792    -0.60060
   3.35836  -0.19777   2.54153    93.65013    96.71327    -3.06314
   4.65099   0.74138   1.70153    95.12687    93.54902     1.57785
   4.27718   1.76841   1.70153    84.37226    82.68869     1.68357
   3.33066   2.31488   1.70153    78.85937    78.29431     0.56506
   4.27718  -0.28565   1.70153   109.47040   109.52719    -0.05679
   4.65099   0.74138   0.66323   114.14066   112.03146     2.10921
   4.27718   1.76841   0.66323    94.01633    92.51648     1.49985
   3.33066   2.31488   0.66323    86.57419    85.18549     1.38870
   1.35021   0.61909   3.17041    76.19862    76.06430     0.13432
   2.33769   0.61909   2.84956    80.66338    84.58904    -3.92566
   1.65536   1.55823   2.84956    73.74684    73.97719    -0.23035
   0.55132   1.19951   2.84956    75.41867    71.47807     3.94060
   0.55132   0.03866   2.84956    79.18188    77.95922     1.22266
   1.65536  -0.32006   2.84956    85.99711    87.95239    -1.95528
   1.62766   2.19259   2.00956    75.22349    74.50651     0.71697
   2.49692  -1.61736   2.94215    92.64656    93.78017    -1.13361
   3.48440  -1.61736   2.62130    98.62896    99.64294    -1.01398
   2.80207  -0.67821   2.62130    96.68267   100.01277    -3.33010
   1.69804  -1.03693   2.62130    94.45498    96.24269    -1.78772
   1.69804  -2.19778   2.62130    93.53385    93.80779    -0.27394
   2.80207  -2.55650   2.62130    95.85142    95.78386     0.06756
   4.09470  -1.61736   1.78130   115.04208   115.51441    -0.47233
   1.69804  -3.00107   1.78130    99.63325    99.91043    -0.27718
   2.77437  -3.19086   1.78130   104.38276   104.37305     0.00971
   3.72089  -2.64439   1.78130   111.57182   111.24002     0.33180
   2.77437  -3.19086   0.74300   127.25448   126.12269     1.13179
   3.11302   0.30908  -2.14650   131.54266   134.41090    -2.86824
   2.03668  -2.64814  -2.14650   129.15070   129.66717    -0.51647
   3.11302  -2.83793  -2.14650   138.66647   140.29648    -1.63002
   3.82305  -1.26442  -2.98650   127.66306   129.08312    -1.42006
   3.14072  -0.32528  -2.98650   124.72875   125.13473    -0.40598
   2.03668  -0.68400  -2.98650   122.72885   120.83655     1.89230
   2.03668  -1.84485  -2.98650   122.80803   121.45536     1.35266
   3.14072  -2.20357  -2.98650   126.09911   126.42987    -0.33076
   2.83557  -1.26442  -3.30735   122.55188   121.47661     1.07527
   4.65341  -2.23165   0.78799   132.92329   131.71191     1.21138
   3.97107  -3.17079   0.78799   128.21910   125.77622     2.44288
   5.26370  -2.23165  -0.05201   131.47356   131.34892     0.12464
   2.86704  -3.61536  -0.05201   129.21836   126.39787     2.82048
   3.94338  -3.80515  -0.05201   124.23264   120.88425     3.34839
   4.88989  -3.25868  -0.05201   124.38647   121.86363     2.52284
   5.26370  -2.23165  -1.09031   132.33506   133.57044    -1.23538
   2.86704  -3.61536  -1.09031   129.71767   128.03867     1.67899
   3.94338  -3.80515  -1.09031   124.39052   122.06005     2.33048
   4.88989  -3.25868  -1.09031   124.65940   123.19814     1.46126
   4.65341  -2.23165  -1.93031   136.46759   139.12956    -2.66197
   3.97107  -3.17079  -1.93031   129.71931   130.25002    -0.53071
   4.96946  -0.61009   0.73393   129.33665   127.79719     1.53946
   5.57975  -0.61009  -0.10607   125.99062   124.71001     1.28062
   5.20595   0.41694  -0.10607   123.43539   120.56126     2.87412
   4.25943   0.96341  -0.10607   125.97441   123.44017     2.53424
   5.57975  -0.61009  -1.14437   126.09205   125.81881     0.27325
   5.20595   0.41694  -1.14437   123.40436   121.34041     2.06395
   4.96946  -0.61009  -1.98437   130.71129   132.46191    -1.75062
   4.28713   0.32906  -1.98437   129.64882   130.57100    -0.92218
  -5.54747  -0.15657  -0.91896    37.42361    40.32039    -2.89678
  -1.81576   0.68420  -2.58685    58.27775    59.56809    -1.29034
  -1.56096  -3.08278  -2.26668    61.48381    63.21819    -1.73438
  -2.86110  -0.47414  -2.93263    51.72812    52.67736    -0.94924
  -0.89098   3.33920   2.63537    47.48621    50.41082    -2.92461
   0.40917   4.14422   1.96942    51.55838    52.51539    -0.95701
   0.51540   4.94516   0.41313    50.34574    50.74117    -0.39543
   3.14417   3.67921  -0.65497    66.40249    67.16668    -0.76418
   0.20402  -0.69576   3.07708    71.72820    73.54831    -1.82011
  -1.35796  -1.59757   3.07708    60.07536    60.80130    -0.72594
   1.60431  -3.37258   1.37863    97.19329    97.57711    -0.38382
   2.62417  -0.46628   2.88535    88.55986    91.77718    -3.21732
   5.11082  -1.30952   0.81244   123.13529   122.58980     0.54549
   5.11082  -1.30952  -2.18031   121.05809   123.26622    -2.20813
   2.96739  -3.16682  -2.18031   124.50997   125.32573    -0.81576
   4.81295  -2.32398  -2.18031   121.89165   123.87550    -1.98385
  -2.74225   2.63204   2.16652    43.95276    46.46722    -2.51445
  -3.70225   2.63204   2.16652    41.16295    42.25183    -1.08887
  -4.18225   1.80066   2.16652    40.37129    42.08784    -1.71655
  -2.70842   3.38205   1.46375    45.31340    45.35498    -0.04158
  -3.73607   3.38205   1.46375    41.89035    41.13097     0.75937
  -4.56746   2.77801   1.46375    40.06696    39.42042     0.64654
  -4.88502   1.80066   1.46375    39.54218    40.05721    -0.51503
  -3.22225   3.72066   0.50375    44.69062    42.98730     1.70332
  -4.18225   3.46343   0.50375    41.68689    39.98338     1.70351
  -4.88502   2.76066   0.50375    40.09084    38.94875     1.14210
  -5.14225   1.80066   0.50375    39.50092    39.75531    -0.25438
  -3.73607   3.38205  -0.45625    43.80329    42.18132     1.62198
  -4.56746   2.77801  -0.45625    41.38271    40.36411     1.01860
  -4.88502   1.80066  -0.45625    40.56693    41.12415    -0.55722
  -3.70225   2.63204  -1.15902    45.29024    44.32453     0.96571
  -2.18741   0.66324   3.26269    52.07575    51.50770     0.56805
  -1.22741   0.66324   3.00545    60.91421    59.16145     1.75277
  -1.70741   1.49462   3.00545    52.94517    53.13243    -0.18726
  -2.66741   1.49462   3.00545    46.51903    47.87589    -1.35686
  -3.14741   0.66324   3.00545    46.42486    47.15954    -0.73469
  -2.66741  -0.16814   3.00545    51.71029    51.17790     0.53239
  -1.70741  -0.16814   3.00545    58.84824    57.71404     1.13420
  -3.85018   0.66324   2.30269    43.35248    45.43192    -2.07944
  -3.53262  -0.31411   2.30269    47.77933    48.44019    -0.66087
  -4.04823  -0.49994   2.15107    45.54983    45.95949    -0.40966
  -4.52823   0.33144   1.89384    42.13838    43.20492    -1.06654
  -5.00823  -0.49994   1.89384    41.82528    41.43953     0.38575
  -4.52823  -1.33133   1.89384    44.77504    44.07417     0.70087
  -5.39344   0.47741   1.19107    39.29522    39.87412    -0.57890
  -5.71100  -0.49994   1.19107    39.53672    39.04151     0.49521
  -5.39344  -1.47729   1.19107    41.46009    40.55073     0.90936
  -4.56206  -2.08133   1.19107    45.31039    44.65184     0.65855
  -5.71100   0.46006   0.23107    37.70534    39.09541    -1.39007
  -5.96823  -0.49994   0.23107    38.02202    38.48440    -0.46238
  -5.71100  -1.45994   0.23107    39.72805    39.65722     0.07083
  -5.00823  -2.16271   0.23107    42.73635    42.77519    -0.03885
  -5.71100  -0.49994  -0.72893    37.50700    39.70966    -2.20266
  -5.39344  -1.47729  -0.72893    39.81418    41.20834    -1.39416
  -4.63205   1.89884  -1.29894    41.65605    41.70371    -0.04766
  -5.33481   1.19607  -1.29894    38.75705    39.72068    -0.96363
  -5.59205   0.23607  -1.29894    37.56191    39.60675    -2.04484
  -4.18587   1.81746  -2.25894    43.70830    42.84924     0.85906
  -5.01725   1.21342  -2.25894    40.66485    40.16624     0.49861
  -5.33481   0.23607  -2.25894    39.50960    39.83261    -0.32302
  -5.01725  -0.74128  -2.25894    40.76814    41.81420    -1.04606
  -2.71205   0.23607  -2.96170    52.11439    52.61751    -0.50313
  -3.19205   1.06745  -2.96170    48.32127    48.04457     0.27670
  -4.15205   1.06745  -2.96170    44.14047    43.15817     0.98230
  -4.63205   0.23607  -2.96170    42.48656    41.93927     0.54729
  -4.15205  -0.59531  -2.96170    44.61910    44.89239    -0.27330
  -3.19205  -0.59531  -2.96170    49.56874    50.46984    -0.90110
  -3.67205   0.23607  -3.21894    46.46679    46.13045     0.33634
  -0.23482  -0.03497  -2.56915    84.29730    80.25523     4.04207
  -0.71482   0.79641  -2.82638    67.60358    67.68181    -0.07823
  -1.68597   4.15550  -1.21783    49.35060    47.36465     1.98595
  -2.64597   3.89827  -1.21783    46.62812    44.54904     2.07908
  -3.34874   3.19550  -1.21783    45.74796    44.11565     1.63231
  -1.17214   3.81689  -2.17783    51.49021    49.91873     1.57148
  -2.19979   3.81689  -2.17783    47.78545    45.59044     2.19501
  -3.03118   3.21285  -2.17783    46.32146    44.35482     1.96665
  -3.34874   2.23550  -2.17783    47.01809    45.97662     1.04147
  -0.72597   2.23550  -2.88060    57.92880    58.89215    -0.96335
  -1.20597   3.06688  -2.88060    52.61726    51.79177     0.82549
  -2.16597   3.06688  -2.88060    48.95569    47.32721     1.62848
  -2.64597   2.23550  -2.88060    48.82093    48.00160     0.81933
  -2.16597   1.40412  -2.88060    52.57390    53.47572    -0.90183
  -1.20597   1.40412  -2.88060    58.34703    60.09817    -1.75114
  -1.68597   2.23550  -3.13783    52.34386    52.27221     0.07166
  -4.32733  -3.06413  -0.34337    45.27880    45.59810    -0.31930
  -3.49595  -3.66817  -0.34337    48.97955    49.55951    -0.57996
  -4.90212  -2.08678  -1.30337    42.54025    43.14645    -0.60620
  -4.64489  -3.04678  -1.30337    44.00083    43.48843     0.51240
  -3.94212  -3.74955  -1.30337    46.80105    46.04684     0.75420
  -2.98212  -4.00678  -1.30337    51.61277    51.22577     0.38699
  -4.64489  -2.08678  -2.26337    43.49236    43.43356     0.05880
  -4.32733  -3.06413  -2.26337    45.07483    44.04582     1.02901
  -3.49595  -3.66817  -2.26337    48.37885    47.41933     0.95952
  -2.46830  -3.66817  -2.26337    53.75125    53.83662    -0.08538
  -3.46212  -1.25540  -2.96614    47.82402    48.98517    -1.16115
  -3.94212  -2.08678  -2.96614    45.80300    45.85194    -0.04894
  -3.46212  -2.91816  -2.96614    47.93157    47.54928     0.38229
  -2.50212  -2.91816  -2.96614    52.64505    53.52074    -0.87569
  -2.98212  -2.08678  -3.22337    49.69988    50.80680    -1.10692
  -2.12644   0.51474  -2.49200    56.94555    57.91477    -0.96921
  -1.09879  -2.64804  -2.49200    66.84365    68.63389    -1.79024
  -0.65262  -1.06665  -3.19477    73.38925    71.95543     1.43382
  -1.13262  -0.23527  -3.19477    66.66749    65.39792     1.26958
  -2.09262  -0.23527  -3.19477    56.80712    57.01884    -0.21172
  -2.57262  -1.06665  -3.19477    52.71845    54.13807    -1.41962
  -2.09262  -1.89804  -3.19477    55.63518    57.46706    -1.83188
  -1.13262  -1.89804  -3.19477    65.52503    66.03863    -0.51360
  -1.61262  -1.06665  -3.45201    60.41547    60.45844    -0.04298
  -0.36314   4.23630   2.32737    47.47687    48.54407    -1.06721
  -1.32314   4.23630   2.32737    45.15009    45.50036    -0.35027
  -1.80314   3.40491   2.32737    45.38342    47.29405    -1.91063
  -0.32932   4.98630   1.62460    47.03520    46.32080     0.71440
  -1.35697   4.98630   1.62460    45.06725    43.45583     1.61141
  -2.18835   4.38226   1.62460    44.57262    43.31371     1.25891
  -2.50591   3.40491   1.62460    45.44460    45.86724    -0.42264
   0.11686   5.06768   0.66460    49.03958    48.54619     0.49339
  -0.84314   5.32491   0.66460    46.34184    44.46500     1.87684
  -1.80314   5.06768   0.66460    45.29770    42.82616     2.47153
  -2.50591   4.36491   0.66460    45.46638    43.31168     2.15470
  -0.32932   4.98630  -0.29540    49.06692    48.30567     0.76126
  -1.35697   4.98630  -0.29540    47.01539    44.96426     2.05113
  -2.18835   4.38226  -0.29540    47.05805    44.75997     2.29808
  -1.32314   4.23630  -0.99817    50.42283    48.62041     1.80243
  -0.25738   1.91812   3.35522    57.85991    57.33547     0.52444
   0.70262   1.91812   3.09799    65.05561    64.05505     1.00056
   0.22262   2.74950   3.09799    55.30990    56.15223    -0.84233
  -0.73738   2.74950   3.09799    50.50931    52.17996    -1.67065
  -1.21738   1.91812   3.09799    53.25691    53.76495    -0.50804
  -0.73738   1.08673   3.09799    62.03592    60.33687     1.69905
   0.22262   1.08673   3.09799    69.52024    67.03047     2.48977
   1.08783   2.89547   2.39522    61.60086    62.34175    -0.74089
  -2.35160  -2.26153   3.15209    53.48619    52.71067     0.77552
  -1.87160  -1.43014   2.89486    58.01570    58.10146    -0.08576
  -2.83160  -1.43014   2.89486    52.17001    51.41802     0.75199
  -3.31160  -2.26153   2.89486    49.40333    48.02707     1.37626
  -2.83160  -3.09291   2.89486    50.40960    49.46331     0.94629
  -1.87160  -3.09291   2.89486    55.50854    55.29277     0.21577
  -3.69680  -1.28418   2.19209    48.85295    48.33393     0.51902
  -4.01437  -2.26153   2.19209    47.23776    46.01027     1.22749
  -3.69680  -3.23888   2.19209    47.26666    46.41738     0.84929
  -2.86542  -3.84291   2.19209    49.37154    49.64847    -0.27693
  -1.83777  -3.84291   2.19209    54.84117    55.97593    -1.13475
  -4.27160  -2.26153   1.23209    46.84228    46.21849     0.62378
  -4.01437  -3.22153   1.23209    46.33829    46.38822    -0.04993
  -3.31160  -3.92430   1.23209    47.67593    48.95468    -1.27875
  -2.84141  -4.14917   1.00757    49.39876    51.58607    -2.18731
  -2.01002  -4.75321   1.00757    52.87172    53.96331    -1.09159
  -0.98238  -4.75321   1.00757    60.23674    60.54511    -0.30836
  -0.15099  -4.14917   1.00757    71.89639    71.99940    -0.10301
  -3.15897  -4.13182   0.04757    49.12821    50.35947    -1.23127
  -2.45620  -4.83459   0.04757    51.58548    51.90392    -0.31844
  -1.49620  -5.09182   0.04757    56.98129    56.48526     0.49603
  -0.53620  -4.83459   0.04757    65.91364    65.14041     0.77323
  -2.84141  -4.14917  -0.91243    52.15689    52.13009     0.02680
  -2.01002  -4.75321  -0.91243    55.45388    54.93275     0.52113
  -0.98238  -4.75321  -0.91243    63.13431    62.29695     0.83737
  -0.53620  -3.17182  -1.61520    76.07269    77.46801    -1.39531
  -1.97620  -4.00321  -1.61520    57.79814    57.81817    -0.02003
  -1.01620  -4.00321  -1.61520    65.79167    65.94636    -0.15469
   1.85502   4.87347  -1.06359    52.10803    54.22221    -2.11418
   0.89502   5.13070  -1.06359    49.48378    50.55348    -1.06970
  -0.06498   4.87347  -1.06359    49.81772    49.65166     0.16606
   2.24023   4.18805  -2.02359    57.64696    58.73458    -1.08761
   1.40884   4.79209  -2.02359    52.27051    52.57734    -0.30684
   0.38119   4.79209  -2.02359    50.81888    50.23477     0.58410
  -0.45019   4.18805  -2.02359    52.37693    51.22463     1.15229
   1.85502   3.21070  -2.72636    63.88044    64.55868    -0.67824
   1.37502   4.04209  -2.72636    56.42026    56.14632     0.27394
   0.41502   4.04209  -2.72636    54.39035    53.46264     0.92772
  -0.06498   3.21070  -2.72636    57.56790    57.11173     0.45616
   0.41502   2.37932  -2.72636    65.32302    65.91562    -0.59260
   1.37502   2.37932  -2.72636    70.06902    71.43446    -1.36545
   0.89502   3.21070  -2.98359    60.30804    60.12523     0.18281
   1.63611   3.32930   2.42995    59.92695    60.02376    -0.09681
   2.59611   3.32930   2.17272    63.48710    62.78063     0.70647
   2.11611   4.16068   2.17272    56.41607    55.30886     1.10722
   1.15611   4.16068   2.17272    53.77162    53.73861     0.03300
   2.11611   2.49791   2.17272    70.50709    70.95291    -0.44582
   3.29888   3.32930   1.46995    67.38317    66.30508     1.07809
   2.98132   4.30665   1.46995    58.48872    56.92464     1.56409
   2.14994   4.91068   1.46995    53.22721    51.95911     1.26810
   1.12229   4.91068   1.46995    50.99497    50.59702     0.39795
   3.55611   3.32930   0.50995    70.35268    69.66025     0.69243
   3.29888   4.28930   0.50995    60.09829    59.28180     0.81648
   2.59611   4.99206   0.50995    53.89290    53.36013     0.53277
   1.63611   5.24930   0.50995    50.55113    50.71155    -0.16042
   0.67611   4.99206   0.50995    50.29079    50.74126    -0.45047
   2.98132   4.30665  -0.45005    59.29862    60.23551    -0.93689
   2.14994   4.91068  -0.45005    52.76924    54.52803    -1.75879
  -0.45674  -0.56328   3.15533    65.80107    67.02347    -1.22240
   0.02326   0.26810   2.89810    73.44957    71.65008     1.79950
  -0.93674   0.26810   2.89810    65.24054    63.44724     1.79331
  -1.41674  -0.56328   2.89810    61.38663    61.26790     0.11873
  -0.02249  -2.16652   3.72559    64.19096    63.79580     0.39516
   0.93751  -2.16652   3.46835    72.98326    72.66094     0.32231
   0.45751  -1.33514   3.46835    70.02244    70.96485    -0.94241
  -0.50249  -1.33514   3.46835    63.05175    64.14731    -1.09556
  -0.98249  -2.16652   3.46835    59.83822    59.86838    -0.03016
  -0.50249  -2.99791   3.46835    61.50115    60.57212     0.92902
   0.45751  -2.99791   3.46835    67.48580    66.22155     1.26426
   1.32272  -1.18917   2.76559    87.69534    89.24237    -1.54703
  -1.36770  -3.14387   2.76559    59.34783    59.26754     0.08029
  -0.53632  -3.74791   2.76559    62.50048    61.86868     0.63180
   0.49133  -3.74791   2.76559    69.52386    68.36982     1.15404
   1.32272  -3.14387   2.76559    79.72934    78.92020     0.80913
  -0.02249  -4.08652   1.80559    69.29377    69.22181     0.07197
   0.93751  -3.82929   1.80559    79.87040    79.49820     0.37220
   2.22583   0.82836  -2.90276    94.12417    96.57562    -2.45146
   1.74583   1.65974  -2.90276    78.10688    80.51163    -2.40475
   0.78583   1.65974  -2.90276    73.12110    73.83867    -0.71757
   0.30583   0.82836  -2.90276    78.48623    77.25758     1.22866
   0.78583  -0.00303  -2.90276    93.07130    90.80585     2.26545
   1.74583  -0.00303  -2.90276   106.79859   106.22017     0.57842
   1.26583   0.82836  -3.15999    83.89579    84.13075    -0.23496
   4.44401   1.68838   0.03284    98.36055    96.90569     1.45486
   4.12645   2.66574   0.03284    79.96752    79.03873     0.92879
   4.70124   1.68838  -0.92716    97.43085    95.48968     1.94117
   4.44401   2.64838  -0.92716    79.72917    78.18150     1.54767
   3.74124   3.35115  -0.92716    70.75021    70.25871     0.49150
   4.44401   1.68838  -1.88716    92.99758    91.73773     1.25985
   4.12645   2.66574  -1.88716    77.20487    76.01224     1.19263
   3.29507   3.26977  -1.88716    69.35092    69.44176    -0.09084
   3.74124   1.68838  -2.58993    87.53876    87.79059    -0.25183
   3.26124   2.51977  -2.58993    74.99128    75.39911    -0.40783
   2.30124   2.51977  -2.58993    72.58486    74.41488    -1.83002
   3.26124   0.85700  -2.58993   104.03794   106.24351    -2.20556
   2.78124   1.68838  -2.84716    82.84422    85.05758    -2.21336
   1.46380  -3.54615   1.25821    94.09218    94.32177    -0.22959
   0.46997  -4.29615   0.55544    78.99880    78.38890     0.60990
   1.49762  -4.29615   0.55544    88.67029    87.87649     0.79380
   2.32901  -3.69211   0.55544   109.93335   109.07588     0.85747
   0.02380  -4.37753  -0.40456    76.57776    75.42914     1.14862
   0.98380  -4.63476  -0.40456    82.41542    80.98390     1.43152
   1.94380  -4.37753  -0.40456    95.89537    94.30593     1.58944
   0.46997  -4.29615  -1.36456    80.10752    79.34465     0.76287
   1.49762  -4.29615  -1.36456    91.02995    89.86270     1.16725
   2.32901  -3.69211  -1.36456   115.27344   114.31120     0.96223
   0.50380  -3.54615  -2.06733    84.29855    85.16900    -0.87045
   1.46380  -3.54615  -2.06733    97.83914    98.16682    -0.32768
   0.98380  -2.71476  -2.32456    98.61420   100.86749    -2.25329
   0.02789  -0.30792  -2.68842    88.12735    84.43668     3.69067
   0.02789  -1.97069  -2.68842    84.83194    85.37685    -0.54490
   0.98789  -1.97069  -2.68842   102.38111   103.29191    -0.91079
   0.50789  -1.13930  -2.94565    92.96298    91.65474     1.30824
   3.05321   0.74138   3.10238    76.70610    79.22601    -2.51991
   4.01321   0.74138   2.84515    79.44893    80.09949    -0.65057
   3.53321   1.57276   2.84515    73.75757    74.52976    -0.77219
   2.57321   1.57276   2.84515    73.28933    75.52727    -2.23794
   3.53321  -0.09001   2.84515    86.15318    88.44833    -2.29515
   4.71598   0.74138   2.14238    86.21588    85.55286     0.66302
   4.39842   1.71873   2.14238    78.21701    77.38625     0.83075
   3.56704   2.32276   2.14238    73.74109    73.57476     0.16633
   2.53939   2.32276   2.14238    73.39280    74.12929    -0.73649
   4.39842  -0.23597   2.14238    96.69735    97.21567    -0.51832
   4.97321   0.74138   1.18238    98.71251    97.35362     1.35889
   4.71598   1.70138   1.18238    86.35294    85.06002     1.29293
   4.01321   2.40415   1.18238    79.46293    78.59227     0.87066
   4.71598  -0.21862   1.18238   116.78875   115.67364     1.11511
   4.39842   1.71873   0.22238    96.84284    95.53404     1.30879
   1.35021   0.61909   3.41041    72.13386    72.44073    -0.30687
   2.31021   0.61909   3.15318    76.30562    79.19944    -2.89382
   1.83021   1.45047   3.15318    70.59919    71.58333    -0.98414
   0.87021   1.45047   3.15318    69.34118    67.93812     1.40306
   0.39021   0.61909   3.15318    71.94811    70.13347     1.81463
   0.87021  -0.21230   3.15318    76.32453    76.83391    -0.50937
   1.83021  -0.21230   3.15318    80.49613    82.61583    -2.11970
   1.86403   2.20047   2.45041    70.92168    71.52553    -0.60386
   2.49692  -1.61736   3.18215    86.29178    87.46389    -1.17211
   3.45692  -1.61736   2.92492    90.62655    91.69014    -1.06359
   2.97692  -0.78597   2.92492    89.89687    92.44443    -2.54756
   2.01692  -0.78597   2.92492    88.23525    90.59003    -2.35478
   1.53692  -1.61736   2.92492    86.86559    87.96577    -1.10017
   2.01692  -2.44874   2.92492    86.85807    87.16830    -0.31023
   2.97692  -2.44874   2.92492    88.79982    89.09595    -0.29614
   4.15969  -1.61736   2.22215   101.61611   102.34614    -0.73003
   1.98310  -3.19874   2.22215    91.34504    91.47882    -0.13378
   3.01075  -3.19874   2.22215    94.80723    94.77002     0.03721
   3.84213  -2.59471   2.22215    99.14985    99.17199    -0.02214
   2.49692  -3.53736   1.26215   104.35140   104.37928    -0.02787
   3.45692  -3.28012   1.26215   113.75951   112.91410     0.84541
   4.15969  -2.57736   1.26215   122.28517   121.32276     0.96242
   3.34939   0.31696  -2.58735   118.97037   121.02655    -2.05617
   1.49036  -2.24178  -2.58735   113.54543   114.22715    -0.68172
   2.32175  -2.84581  -2.58735   117.21317   117.60840    -0.39523
   3.34939  -2.84581  -2.58735   122.67900   123.93249    -1.25349
   3.79557  -1.26442  -3.29012   115.14733   116.08182    -0.93449
   3.31557  -0.43304  -3.29012   113.44860   113.94805    -0.49945
   2.35557  -0.43304  -3.29012   111.31310   110.68157     0.63154
   1.87557  -1.26442  -3.29012   111.04872   109.80064     1.24808
   2.35557  -2.09581  -3.29012   111.89908   111.36194     0.53714
   3.31557  -2.09581  -3.29012   114.27942   114.69310    -0.41369
   2.83557  -1.26442  -3.54735   111.17158   110.62616     0.54542
   4.62593  -2.23165   1.09161   122.81287   121.93756     0.87531
   4.14593  -3.06303   1.09161   118.30159   116.82472     1.47686
   5.32870  -2.23165   0.38884   120.41127   119.99296     0.41831
   3.15210  -3.81303   0.38884   116.71869   114.66009     2.05860
   4.17975  -3.81303   0.38884   113.17062   110.82718     2.34344
   5.01113  -3.20900   0.38884   113.89494   112.19620     1.69874
   5.58593  -2.23165  -0.57116   120.47774   120.90045    -0.42271
   2.70593  -3.89441  -0.57116   118.23925   116.20667     2.03258
   3.66593  -4.15165  -0.57116   112.97433   110.74824     2.22609
   4.62593  -3.89441  -0.57116   111.63270   109.54258     2.09012
   5.32870  -3.19165  -0.57116   113.40894   112.27658     1.13237
   5.32870  -2.23165  -1.53116   121.93661   123.36543    -1.42882
   3.15210  -3.81303  -1.53116   117.35958   116.54010     0.81948
   4.17975  -3.81303  -1.53116   113.59492   112.54775     1.04717
   5.01113  -3.20900  -1.53116   114.57146   114.29719     0.27427
   4.14593  -3.06303  -2.23393   120.28310   121.30156    -1.01845
   4.94198  -0.61009   1.03755   119.65520   118.59229     1.06291
   5.64475  -0.61009   0.33478   115.47697   114.45975     1.01722
   5.32719   0.36726   0.33478   112.98620   111.02415     1.96205
   5.90198  -0.61009  -0.62522   114.29299   113.70305     0.58994
   5.64475   0.34991  -0.62522   111.55699   109.80893     1.74806
   4.94198   1.05268  -0.62522   112.51827   110.31587     2.20240
   5.64475  -1.57009  -0.62522   124.01366   124.92356    -0.90990
   5.64475  -0.61009  -1.58522   115.70031   116.08224    -0.38193
   5.32719   0.36726  -1.58522   112.87837   112.07583     0.80254
   4.49580   0.97130  -1.58522   115.16305   113.96783     1.19523
   4.94198  -0.61009  -2.28799   121.30418   123.10721    -1.80303
   4.46198   0.22129  -2.28799   119.47129   120.62979    -1.15850
  -4.32440   0.46055   2.25239    41.96670    43.34106    -1.37436
  -5.70212   0.87667  -0.38491    36.99194    38.76323    -1.77130
  -5.45509  -1.23888  -1.41815    38.86843    40.55217    -1.68374
  -0.26185   1.58601  -2.91900    65.14913    66.03457    -0.88544
  -1.81172   0.69120  -2.91900    57.25972    58.15406    -0.89434
  -1.54734  -3.11261  -2.67950    59.92399    61.36918    -1.44519
  -2.85706  -0.48113  -3.26478    50.70972    51.52547    -0.81575
  -0.88694   3.33221   2.96752    47.12075    49.21742    -2.09667
   0.42279   4.17405   2.38223    49.99899    50.95493    -0.95594
  -2.20217   2.97527   2.38223    44.90733    47.10795    -2.20062
  -4.15818  -3.17257   0.38741    45.63749    46.25262    -0.61513
  -3.57290  -4.04851   0.38741    46.59657    47.76123    -1.16466
   1.03606   5.36400  -0.12092    48.27581    49.30756    -1.03176
   2.59134   4.61426  -1.15416    55.07008    56.74076    -1.67067
   0.19998  -0.70276   3.40923    68.28162    69.49354    -1.21192
  -0.83326  -0.70276   3.40923    61.14939    61.95069    -0.80130
   2.34095   2.28233  -2.97709    72.49145    74.22365    -1.73220
   1.30770   2.28233  -2.97709    68.95418    70.19623    -1.24205
  -0.42542  -3.10862  -2.02693    75.47049    77.08472    -1.61422
   1.34145  -2.56057  -2.61222   104.02367   105.19668    -1.17301
   2.62014   1.33035   3.21750    70.86052    72.84893    -1.98841
   2.62014  -0.45928   3.21750    82.08864    84.56343    -2.47479
   5.14361  -1.30952   1.22526   110.98134   110.53408     0.44725
   5.72890  -1.30952  -1.71718   111.16026   112.29284    -1.13259
   5.14361  -1.30952  -2.59312   109.34044   111.00740    -1.66696
   4.84054  -0.27734  -2.59312   111.37364   112.71777    -1.34413
   4.02753   0.42714  -2.59312   111.70987   113.08370    -1.37382
   2.96272  -3.19928  -2.59312   112.49549   113.11639    -0.62090
   4.02753  -3.04618  -2.59312   111.80419   112.83076    -1.02657
   4.84054  -2.34171  -2.59312   109.78153   111.30081    -1.51928
  -3.76225   2.73597   2.37436    40.29222    41.30290    -1.01069
  -4.30225   1.80066   2.37436    39.65427    41.12281    -1.46854
  -3.48846   3.65223   1.58375    41.47663    41.07748     0.39915
  -4.44724   3.21437   1.58375    39.16139    38.68697     0.47441
  -5.01709   2.32767   1.58375    38.27888    38.38078    -0.10189
  -5.01709   1.27364   1.58375    39.08826    40.12999    -1.04173
  -2.96189   3.94491   0.50375    44.84152    43.21330     1.62821
  -3.98819   3.82029   0.50375    40.97333    39.65985     1.31348
  -4.83903   3.23300   0.50375    39.02005    38.02183     0.99822
  -5.31948   2.31758   0.50375    38.22348    38.04179     0.18169
  -5.31948   1.28374   0.50375    38.64277    39.76528    -1.12251
  -3.48846   3.65223  -0.57625    43.76177    42.27430     1.48747
  -4.44724   3.21437  -0.57625    40.70865    39.69853     1.01011
  -5.01709   2.32767  -0.57625    39.51144    39.41115     0.10029
  -2.18741   0.66324   3.50269    50.57313    50.34491     0.22821
  -1.10741   0.66324   3.21330    59.79424    58.57539     1.21886
  -1.64741   1.59855   3.21330    51.71168    52.08388    -0.37220
  -2.72741   1.59855   3.21330    45.30730    46.55202    -1.24473
  -3.26741   0.66324   3.21330    45.06783    45.80655    -0.73872
  -2.72741  -0.27207   3.21330    50.26267    50.01484     0.24783
  -1.64741  -0.27207   3.21330    57.53854    56.99512     0.54342
  -3.41241  -0.75048   2.42269    49.03209    49.16920    -0.13711
  -4.04823  -0.49994   2.39107    44.94066    45.34948    -0.40883
  -4.58823   0.43536   2.10168    41.25648    42.37394    -1.11746
  -5.12823  -0.49994   2.10168    40.59790    40.48556     0.11234
  -4.58823  -1.43525   2.10168    43.79828    43.30115     0.49713
  -5.27323   0.91377   1.31107    38.84820    39.78810    -0.93990
  -5.84308   0.02707   1.31107    37.89146    38.05630    -0.16484
  -5.84308  -1.02696   1.31107    38.77731    38.37215     0.40516
  -5.27323  -1.91366   1.31107    41.30107    40.78646     0.51461
  -5.66502   0.93240   0.23107    37.40113    38.77464    -1.37351
  -6.14547   0.01698   0.23107    36.58251    37.44357    -0.86106
  -6.14547  -1.01686   0.23107    37.40492    37.71387    -0.30895
  -5.66502  -1.93229   0.23107    39.52702    39.62109    -0.09407
  -4.81418  -2.51958   0.23107    43.17113    43.44879    -0.27765
  -5.84308  -1.02696  -0.84893    37.54794    39.05336    -1.50542
  -5.27323  -1.91366  -0.84893    40.52554    41.53268    -1.00714
  -4.43799   2.25571  -1.29894    42.00030    41.76920     0.23110
  -5.28883   1.66842  -1.29894    38.64959    39.15628    -0.50669
  -5.76928   0.75299  -1.29894    36.96885    38.29361    -1.32476
  -5.76928  -0.28085  -1.29894    37.06550    39.04887    -1.98337
  -3.93826   2.08765  -2.37894    43.86098    43.15552     0.70546
  -4.89704   1.64979  -2.37894    40.22417    39.79958     0.42459
  -5.46689   0.76308  -2.37894    38.47109    38.58291    -0.11182
  -5.46689  -0.29094  -2.37894    38.63164    39.35224    -0.72060
  -4.89704  -1.17765  -2.37894    41.28991    42.23116    -0.94126
  -2.59205   0.23607  -3.16955    52.15974    52.65922    -0.49948
  -3.13205   1.17138  -3.16955    47.63735    47.53044     0.10691
  -4.21205   1.17138  -3.16955    42.85236    42.23525     0.61711
  -4.75205   0.23607  -3.16955    41.17663    40.93992     0.23671
  -4.21205  -0.69924  -3.16955    43.71576    44.09802    -0.38226
  -3.67205   0.23607  -3.45894    45.52849    45.43699     0.09151
  -0.71482   0.79641  -3.06638    66.03485    66.08408    -0.04923
  -1.42561   4.37975  -1.21783    48.86300    47.27894     1.58407
  -2.45191   4.25514  -1.21783    45.61429    43.85693     1.75736
  -3.30275   3.66785  -1.21783    44.20710    42.67519     1.53191
  -0.90889   3.93707  -2.29783    51.25783    50.12028     1.13755
  -1.95218   4.08708  -2.29783    46.79380    45.19281     1.60098
  -2.91096   3.64922  -2.29783    44.76969    43.13709     1.63260
  -3.48081   2.76251  -2.29783    44.69814    43.56736     1.13078
  -0.60597   2.23550  -3.08845    57.89742    58.63700    -0.73959
  -1.14597   3.17081  -3.08845    51.43282    50.85173     0.58108
  -2.22597   3.17081  -3.08845    47.28111    46.10842     1.17269
  -2.76597   2.23550  -3.08845    47.39493    46.82003     0.57490
  -2.22597   1.30019  -3.08845    51.97584    52.66964    -0.69380
  -1.68597   2.23550  -3.37783    51.35115    51.36111    -0.00996
  -4.77697  -2.61379  -0.22337    43.16338    43.63983    -0.47645
  -4.20712  -3.50050  -0.22337    45.06436    45.46969    -0.40532
  -5.07936  -2.60370  -1.30337    41.53933    41.71666    -0.17733
  -4.59891  -3.51913  -1.30337    43.25980    42.89843     0.36137
  -3.74807  -4.10642  -1.30337    46.51815    46.16957     0.34858
  -4.77697  -1.55977  -2.38337    42.09439    42.76923    -0.67484
  -4.77697  -2.61379  -2.38337    42.31525    42.05813     0.25711
  -4.20712  -3.50050  -2.38337    44.33578    43.66261     0.67317
  -3.24834  -3.93836  -2.38337    48.20477    47.79188     0.41289
  -2.20504  -3.78835  -2.38337    54.40795    54.80717    -0.39922
  -4.06212  -2.08678  -3.17399    44.42992    44.63866    -0.20875
  -3.52212  -3.02209  -3.17399    46.52153    46.41279     0.10874
  -2.44212  -3.02209  -3.17399    52.03195    52.84420    -0.81225
  -2.98212  -2.08678  -3.46337    48.94088    49.90576    -0.96488
  -0.83553  -2.76822  -2.61200    68.82653    70.27205    -1.44552
  -0.53262  -1.06665  -3.40262    72.28857    71.31421     0.97437
  -1.07262  -0.13134  -3.40262    64.99814    64.19371     0.80443
  -2.15262  -0.13134  -3.40262    55.08768    55.39876    -0.31108
  -2.15262  -2.00196  -3.40262    54.37855    55.84347    -1.46493
  -1.07262  -2.00196  -3.40262    64.33689    64.88842    -0.55153
  -1.61262  -1.06665  -3.69201    58.78610    58.96009    -0.17399
  -0.30314   4.34022   2.53521    46.58918    47.51832    -0.92914
  -1.38314   4.34022   2.53521    43.86110    44.29442    -0.43332
  -1.92314   3.40491   2.53521    44.51818    46.21305    -1.69487
  -0.06606   5.10648   1.74460    46.31926    46.04483     0.27443
  -1.10936   5.25649   1.74460    43.67357    42.67193     1.00164
  -2.06813   4.81863   1.74460    42.81268    41.74974     1.06295
  -2.63798   3.93193   1.74460    43.38345    43.13093     0.25252
   0.38388   5.18256   0.66460    48.51628    48.48425     0.03203
  -0.58278   5.54916   0.66460    45.07618    43.94391     1.13227
  -1.60909   5.42455   0.66460    43.55235    41.78566     1.76669
  -2.45993   4.83726   0.66460    43.36236    41.56768     1.79468
  -1.10936   5.25649  -0.41540    45.72815    44.35236     1.37580
  -2.06813   4.81863  -0.41540    45.10797    43.26020     1.84778
  -0.25738   1.91812   3.59522    55.93287    55.71220     0.22067
   0.82262   1.91812   3.30583    63.23296    62.72853     0.50443
   0.28262   2.85342   3.30583    53.75537    54.53511    -0.77973
  -0.79738   2.85342   3.30583    49.03992    50.45782    -1.41790
  -1.33738   1.91812   3.30583    51.49055    52.07075    -0.58021
  -0.79738   0.98281   3.30583    59.99314    58.84416     1.14898
  -2.35160  -2.26153   3.39209    51.89291    51.42154     0.47137
  -2.89160  -1.32622   3.10270    50.55754    50.09327     0.46427
  -3.43160  -2.26153   3.10270    47.42152    46.52101     0.90051
  -2.89160  -3.19683   3.10270    48.57903    47.99775     0.58127
  -1.81160  -3.19683   3.10270    54.27345    54.15834     0.11511
  -3.57659  -0.84781   2.31209    48.41273    48.54095    -0.12822
  -4.14644  -1.73451   2.31209    45.91250    45.21545     0.69706
  -4.14644  -2.78854   2.31209    45.04551    44.28826     0.75726
  -3.57659  -3.67524   2.31209    45.93011    45.70732     0.22279
  -2.61781  -4.11310   2.31209    49.07917    49.65703    -0.57786
  -4.44883  -2.77845   1.23209    44.65361    44.48301     0.17061
  -3.96838  -3.69387   1.23209    45.08943    45.55249    -0.46306
  -3.11754  -4.28116   1.23209    47.43875    48.84160    -1.40285
  -2.72119  -4.58554   1.12757    48.72572    50.17082    -1.44510
  -1.76242  -5.02340   1.12757    52.88033    53.59265    -0.71232
  -0.71912  -4.87339   1.12757    60.69263    60.92871    -0.23608
  -3.11298  -4.60417   0.04757    48.01207    48.80315    -0.79109
  -2.26215  -5.19146   0.04757    51.02288    51.17377    -0.15089
  -1.23584  -5.31607   0.04757    56.82777    56.48886     0.33891
  -0.26918  -4.94947   0.04757    66.56576    65.98554     0.58022
  -2.72119  -4.58554  -1.03243    50.95870    50.92781     0.03089
  -1.76242  -5.02340  -1.03243    55.16984    54.79556     0.37428
  -0.71912  -4.87339  -1.03243    63.62122    63.08166     0.53957
  -2.03620  -4.10713  -1.82304    56.15526    56.29096    -0.13570
  -0.95620  -4.10713  -1.82304    64.68291    64.97306    -0.29016
   2.12204   4.98835  -1.06359    51.69675    53.40183    -1.70508
   1.15538   5.35496  -1.06359    48.31334    49.36776    -1.05441
   0.12907   5.23034  -1.06359    47.78644    47.88993    -0.10348
   2.46868   4.22203  -2.14359    57.14633    58.10955    -0.96322
   1.67210   4.91228  -2.14359    51.18500    51.68308    -0.49808
   0.62880   5.06228  -2.14359    48.94367    48.76232     0.18136
  -0.32998   4.62442  -2.14359    49.52229    48.74168     0.78062
   1.97502   3.21070  -2.93421    62.82026    63.56228    -0.74202
   1.43502   4.14601  -2.93421    54.60475    54.56914     0.03561
   0.35502   4.14601  -2.93421    52.38266    51.79153     0.59113
  -0.18498   3.21070  -2.93421    55.89708    55.64590     0.25119
   0.35502   2.27540  -2.93421    64.47767    65.12048    -0.64281
   0.89502   3.21070  -3.22359    58.75321    58.80016    -0.04695
   1.63611   3.32930   2.66995    58.38550    58.62560    -0.24011
   2.71611   3.32930   2.38057    61.89945    61.52048     0.37897
   2.17611   4.26460   2.38057    54.31613    53.62621     0.68992
   1.09611   4.26460   2.38057    51.87875    52.04519    -0.16644
   3.50673   3.32930   1.58995    66.09974    65.33586     0.76387
   3.20977   4.34063   1.58995    57.04233    55.98243     1.05990
   2.41319   5.03087   1.58995    51.69817    50.78595     0.91221
   1.36990   5.18087   1.58995    49.21834    48.82619     0.39215
   3.79611   3.32930   0.50995    69.62507    69.05193     0.57313
   3.54870   4.33310   0.50995    58.97650    58.43380     0.54270
   2.86313   5.10694   0.50995    52.61647    52.28361     0.33287
   1.89647   5.47355   0.50995    49.14344    49.24628    -0.10284
   0.87016   5.34893   0.50995    48.27778    48.65045    -0.37266
   3.20977   4.34063  -0.57005    58.87827    59.60474    -0.72647
   2.41319   5.03087  -0.57005    52.18042    53.49290    -1.31248
  -1.53674  -0.56328   3.10595    58.98258    58.87455     0.10802
  -0.02249  -2.16652   3.96559    61.53760    61.38577     0.15183
   1.05751  -2.16652   3.67620    70.51150    70.48226     0.02924
   0.51751  -1.23121   3.67620    67.91513    68.75864    -0.84351
  -0.56249  -1.23121   3.67620    60.93117    61.77097    -0.83980
  -1.10249  -2.16652   3.67620    57.36566    57.44245    -0.07678
  -0.56249  -3.10183   3.67620    58.71249    58.13673     0.57576
   0.51751  -3.10183   3.67620    64.65201    63.85805     0.79396
  -1.24748  -3.58024   2.88559    57.39134    57.39929    -0.00795
  -0.28871  -4.01810   2.88559    61.35614    60.85952     0.49662
   0.75459  -3.86809   2.88559    68.54678    67.78752     0.75927
   1.55117  -3.17785   2.88559    78.67587    78.28416     0.39171
   0.23787  -4.31077   1.80559    69.14559    69.03023     0.11536
   1.20453  -3.94417   1.80559    80.36204    80.15018     0.21185
   2.34583   0.82836  -3.11061    91.71369    93.63649    -1.92279
   0.72583   1.76366  -3.11061    69.96411    70.65689    -0.69278
   0.18583   0.82836  -3.11061    74.78442    74.02835     0.75607
   0.72583  -0.10695  -3.11061    89.34082    87.62930     1.71152
   1.26583   0.82836  -3.39999    80.60818    80.88724    -0.27906
   4.35490   2.69972   0.15284    77.80776    76.98635     0.82142
   4.94124   1.68838  -0.92716    94.06610    92.51613     1.54997
   4.69383   2.69219  -0.92716    77.04245    75.88076     1.16169
   4.00826   3.46603  -0.92716    68.34884    67.92393     0.42491
   4.65186   1.68838  -2.00716    89.50184    88.66367     0.83817
   4.35490   2.69972  -2.00716    74.57361    73.77168     0.80193
   3.55832   3.38996  -2.00716    66.95659    66.99144    -0.03485
   3.86124   1.68838  -2.79778    84.31751    84.70649    -0.38898
   3.32124   2.62369  -2.79778    71.73456    72.22993    -0.49536
   3.32124   0.75308  -2.79778   102.36554   104.19754    -1.83200
   2.78124   1.68838  -3.08716    80.21337    82.02548    -1.81210
   0.71758  -4.56634   0.67544    76.84196    76.34222     0.49974
   1.76088  -4.41633   0.67544    87.49276    86.84891     0.64386
   2.55746  -3.72609   0.67544   109.66323   108.78253     0.88070
   0.21785  -4.73440  -0.40456    73.59101    72.71622     0.87479
   1.24416  -4.85901  -0.40456    80.39315    79.29986     1.09329
   2.21082  -4.49241  -0.40456    94.97622    93.65332     1.32289
  -0.24119  -4.12848  -1.48456    73.15971    73.14090     0.01881
   0.71758  -4.56634  -1.48456    77.99976    77.37148     0.62828
   1.76088  -4.41633  -1.48456    89.91265    89.07969     0.83296
   0.44380  -3.65007  -2.27518    80.47710    81.25948    -0.78238
   1.52380  -3.65007  -2.27518    94.02479    94.35442    -0.32962
  -0.03211  -0.20399  -2.89626    83.28837    80.56458     2.72379
  -0.03211  -2.07461  -2.89626    80.93692    81.48282    -0.54590
   1.04789  -2.07461  -2.89626    98.89550    99.51437    -0.61887
   0.50789  -1.13930  -3.18565    88.69276    87.70545     0.98731
   3.05321   0.74138   3.34238    73.33870    75.39391    -2.05520
   4.13321   0.74138   3.05300    75.54812    76.21173    -0.66361
   3.59321   1.67668   3.05300    70.02176    70.73919    -0.71744
   3.59321  -0.19393   3.05300    82.67898    84.61415    -1.93517
   4.92383   0.74138   2.26238    82.02148    81.60915     0.41233
   4.62687   1.75271   2.26238    74.63447    74.07562     0.55885
   3.83029   2.44295   2.26238    70.41260    70.20467     0.20792
   2.78700   2.59295   2.26238    69.60898    69.94725    -0.33827
   4.62687  -0.26995   2.26238    91.90717    92.27101    -0.36383
   5.21321   0.74138   1.18238    94.60482    93.48552     1.11930
   4.96580   1.74518   1.18238    82.88449    81.85537     1.02912
   4.28023   2.51902   1.18238    76.23465    75.47976     0.75489
   1.35021   0.61909   3.65041    68.72780    69.17596    -0.44816
   1.89021   1.55439   3.36102    67.41088    68.32888    -0.91800
   0.81021   1.55439   3.36102    65.52278    64.69693     0.82586
   0.27021   0.61909   3.36102    68.07536    66.89752     1.17785
   0.81021  -0.31622   3.36102    72.96575    73.68522    -0.71947
   1.89021  -0.31622   3.36102    77.67696    79.55040    -1.87344
   2.49692  -1.61736   3.42215    81.02721    82.08783    -1.06061
   3.57692  -1.61736   3.13276    85.20417    86.15922    -0.95505
   3.03692  -0.68205   3.13276    84.81577    87.06281    -2.24705
   1.95692  -2.55266   3.13276    81.59768    81.82223    -0.22455
   3.03692  -2.55266   3.13276    83.26262    83.58823    -0.32561
   4.36754  -1.61736   2.34215    96.13277    96.69406    -0.56129
   2.23071  -3.46893   2.34215    86.57867    86.62258    -0.04391
   3.27400  -3.31893   2.34215    89.96636    89.89427     0.07210
   4.07058  -2.62869   2.34215    93.75309    93.79627    -0.04317
   2.75728  -3.76161   1.26215   100.70312   100.33192     0.37120
   3.72394  -3.39500   1.26215   109.59484   108.56489     1.02995
   1.61058  -2.67814  -2.70735   105.74580   106.43218    -0.68638
   2.56935  -3.11600  -2.70735   109.58037   110.02025    -0.43988
   3.91557  -1.26442  -3.49796   106.03332   106.88220    -0.84888
   3.37557  -0.32912  -3.49796   104.39258   104.95927    -0.56668
   2.29557  -0.32912  -3.49796   102.30059   102.01273     0.28786
   1.75557  -1.26442  -3.49796   102.02432   101.19153     0.83279
   2.29557  -2.19973  -3.49796   102.80764   102.54860     0.25904
   3.37557  -2.19973  -3.49796   105.14513   105.57659    -0.43147
   2.83557  -1.26442  -3.78735   102.02964   101.77132     0.25831
   4.20593  -3.16695   1.29945   109.21104   108.14819     1.06286
   5.53654  -2.23165   0.50884   111.10915   110.73169     0.37746
   3.39971  -4.08322   0.50884   106.12887   104.45376     1.67511
   4.44301  -3.93322   0.50884   103.68034   101.93770     1.74265
   5.23959  -3.24298   0.50884   104.88977   103.67980     1.20997
   5.82593  -2.23165  -0.57116   111.08893   111.37464    -0.28571
   2.89998  -4.25128  -0.57116   106.98691   105.34389     1.64302
   3.92629  -4.37590  -0.57116   103.07677   101.35162     1.72516
   4.89295  -4.00929  -0.57116   102.30108   100.80571     1.49537
   5.57851  -3.23545  -0.57116   104.36752   103.61599     0.75153
   3.39971  -4.08322  -1.65116   106.57756   105.84381     0.73375
   4.44301  -3.93322  -1.65116   104.12036   103.40821     0.71215
   5.23959  -3.24298  -1.65116   105.60659   105.55956     0.04704
   4.20593  -3.16695  -2.44178   110.95317   111.76935    -0.81618
   5.06198  -0.61009   1.24539   110.75810   110.03121     0.72689
   5.85259  -0.61009   0.45478   106.33211   105.54425     0.78786
   5.55564   0.40124   0.45478   103.89866   102.42657     1.47209
   6.14198  -0.61009  -0.62522   105.05757   104.63166     0.42591
   5.89456   0.39371  -0.62522   102.38086   101.11910     1.26176
   5.20900   1.16755  -0.62522   103.05225   101.34149     1.71076
   5.85259  -0.61009  -1.70522   106.48583   106.84856    -0.36273
   5.55564   0.40124  -1.70522   103.71790   103.21250     0.50540
   4.75906   1.09148  -1.70522   105.32625   104.38385     0.94240
   4.52198   0.32522  -2.49584   110.30531   111.26956    -0.96424
  -2.76698   2.90717   2.64134    42.64187    44.24743    -1.60556
  -4.34280   1.54172   2.64134    39.47744    40.85384    -1.37640
  -4.34280   0.45515   2.64134    41.32815    42.37904    -1.05088
  -5.71954   1.39873   0.13604    37.00409    37.95372    -0.94964
  -6.11176   0.38630  -0.90585    35.84488    37.30554    -1.46066
  -5.30953  -1.68368  -1.88491    39.79990    40.69022    -0.89032
  -0.26904   1.58601  -3.24360    63.35249    63.91589    -0.56341
  -1.80813   0.69742  -3.24360    56.11803    56.67571    -0.55768
  -1.53759  -3.84687  -2.27031    59.23669    59.88572    -0.64904
  -0.60199  -3.30670  -2.27031    70.68905    71.94129    -1.25224
  -1.53937  -3.13005  -3.06844    58.36703    59.46452    -1.09748
  -2.85347  -0.48735  -3.58939    49.71658    50.33553    -0.61895
  -3.36650  -1.37595  -3.58939    46.75831    47.55937    -0.80106
  -0.88335   3.32599   3.29212    46.53962    48.01459    -1.47497
   0.43076   4.19149   2.77118    48.67652    49.47762    -0.80110
  -2.22057   2.98068   2.77118    44.14505    45.91955    -1.77449
  -1.93528  -4.72317   1.88741    51.19483    52.14737    -0.95254
  -0.86086  -4.61024   1.88741    58.50715    59.02564    -0.51849
  -3.44414  -4.49700   0.90836    45.59714    46.58483    -0.98769
   1.30866   5.60582  -0.64186    47.10434    48.03317    -0.92883
   0.22754   5.50564  -0.64186    46.39686    46.59446    -0.19760
   0.19639  -0.70898   3.73384    65.00011    65.79951    -0.79940
  -0.82967  -0.70898   3.73384    58.76801    59.27767    -0.50966
  -1.34270  -1.59757   3.73384    55.81540    56.13566    -0.32026
  -0.04404  -4.53939   1.43570    66.91283    67.00208    -0.08925
   2.33735   2.27611  -3.30170    70.01437    71.32242    -1.30805
   1.31129   2.27611  -3.30170    66.76641    67.72930    -0.96289
  -0.43798  -3.12311  -2.41588    72.81074    74.16477    -1.35404
   2.61654   1.32413   3.54210    67.28946    68.74199    -1.45253
   2.61654  -0.45306   3.54210    76.55341    78.41266    -1.85925
   5.16279  -1.30952   1.61420   101.32923   101.09664     0.23259
   4.85667  -2.35207   1.61420   102.46557   102.08248     0.38309
   5.83250  -1.30952   0.81607   102.15451   101.79751     0.35700
   5.98934  -2.37678  -1.20488   101.96953   102.38904    -0.41951
   5.83250  -1.30952  -2.18393   100.49644   101.44949    -0.95305
   2.96285  -3.89336  -2.18393   102.66715   102.60519     0.06196
   5.60789  -2.36625  -2.18393   100.49316   101.39911    -0.90595
   5.16279  -1.30952  -2.98207    99.78277   101.02853    -1.24576
   4.85667  -0.26697  -2.98207   100.98241   102.05502    -1.07261
   4.03550   0.44458  -2.98207   101.58451   102.69002    -1.10552
   4.03550  -3.06362  -2.98207   101.42576   102.20609    -0.78033
   4.85667  -2.35207  -2.98207   100.05933   101.19251    -1.13319
  -3.74291   2.70247   2.66607    39.78862    40.86030    -1.07168
  -4.26357   1.80066   2.66607    39.34976    40.68525    -1.33549
  -3.48929   3.65795   2.00012    40.37191    40.43861    -0.06670
  -4.45102   3.21874   2.00012    38.14313    38.12685     0.01628
  -5.02264   2.32930   2.00012    37.44986    37.82415    -0.37429
  -5.02264   1.27202   2.00012    38.51358    39.49730    -0.98372
  -3.74291   4.08182   1.03780    40.30280    39.40499     0.89781
  -4.68111   3.63001   1.03780    38.05634    37.33257     0.72377
  -5.33036   2.81587   1.03780    37.04490    36.74747     0.29743
  -5.56207   1.80066   1.03780    37.15227    37.57245    -0.42018
  -3.74291   4.08182  -0.03030    41.17673    39.91567     1.26106
  -4.68111   3.63001  -0.03030    38.70645    37.77528     0.93118
  -5.33036   2.81587  -0.03030    37.56785    37.18119     0.38665
  -5.56207   1.80066  -0.03030    37.48018    38.06349    -0.58331
  -4.45102   3.21874  -0.99263    40.28794    39.50702     0.78092
  -5.02264   2.32930  -0.99263    39.24536    39.22580     0.01956
  -2.18741   0.66324   3.74269    49.25721    49.20107     0.05614
  -1.14609   0.66324   3.50501    57.04585    56.35000     0.69585
  -1.66675   1.56505   3.50501    50.36705    50.67920    -0.31215
  -2.70807   1.56505   3.50501    44.78340    45.68386    -0.90045
  -3.22874   0.66324   3.50501    44.44138    44.99556    -0.55418
  -2.70807  -0.23857   3.50501    48.93795    48.82058     0.11737
  -1.66675  -0.23857   3.50501    55.28935    54.99262     0.29673
  -3.98780   0.13460   2.83906    43.16733    43.96119    -0.79386
  -3.41619  -0.75484   2.83906    47.76630    47.76656    -0.00027
  -4.04823  -0.49994   2.63107    44.37232    44.71771    -0.34539
  -5.08956  -0.49994   2.39339    40.07748    40.13263    -0.05515
  -4.56890  -1.40175   2.39339    43.12296    42.78201     0.34095
  -5.27701   0.91814   1.72744    38.40669    39.23638    -0.82969
  -5.84862   0.02870   1.72744    37.37893    37.56533    -0.18639
  -5.84862  -1.02858   1.72744    38.12831    37.88107     0.24723
  -5.27701  -1.91803   1.72744    40.64145    40.24172     0.39973
  -6.15635   0.51527   0.76512    36.14547    36.79941    -0.65394
  -6.38806  -0.49994   0.76512    36.14173    36.37834    -0.23662
  -6.15635  -1.51516   0.76512    37.38269    37.33607     0.04662
  -5.50709  -2.32929   0.76512    39.89781    39.81760     0.08020
  -6.15635   0.51527  -0.30298    35.81528    37.11814    -1.30286
  -6.38806  -0.49994  -0.30298    35.74716    36.67181    -0.92466
  -6.15635  -1.51516  -0.30298    37.04449    37.63450    -0.59001
  -5.50709  -2.32929  -0.30298    39.72384    40.15534    -0.43150
  -4.19271   2.51723  -1.83299    42.28331    41.69657     0.58674
  -5.13090   2.06542  -1.83299    38.77824    38.69348     0.08476
  -5.78016   1.25128  -1.83299    36.84307    37.28315    -0.44008
  -6.01187   0.23607  -1.83299    36.32862    37.27779    -0.94917
  -5.78016  -0.77914  -1.83299    37.40342    38.67150    -1.26808
  -3.93908   2.09337  -2.79531    42.98831    42.38888     0.59944
  -4.90082   1.65416  -2.79531    39.54689    39.16303     0.38386
  -5.47243   0.76471  -2.79531    37.98484    37.98649    -0.00165
  -5.47243  -0.29257  -2.79531    38.30582    38.72708    -0.42127
  -4.90082  -1.18201  -2.79531    40.88643    41.49356    -0.60713
  -2.63072   0.23607  -3.46126    50.91836    51.29884    -0.38049
  -3.15139   1.13788  -3.46126    46.70007    46.63375     0.06631
  -4.19271   1.13788  -3.46126    42.10853    41.71961     0.38892
  -4.71337   0.23607  -3.46126    40.61353    40.50195     0.11159
  -4.19271  -0.66574  -3.46126    43.12645    43.45589    -0.32944
  -3.67205   0.23607  -3.69894    44.72956    44.74234    -0.01278
  -0.71482   0.79641  -3.30638    64.45444    64.45823    -0.00379
  -3.14483   4.06485  -0.68378    43.66561    42.16902     1.49659
  -1.16531   4.51666  -1.75188    48.12955    46.96599     1.16356
  -2.20663   4.51666  -1.75188    44.61868    43.19071     1.42797
  -3.14483   4.06485  -1.75188    42.85306    41.47028     1.38278
  -3.79408   3.25071  -1.75188    42.54784    41.49554     1.05230
  -0.90648   3.94233  -2.71421    49.91389    49.05628     0.85761
  -1.95301   4.09280  -2.71421    45.59697    44.38763     1.20934
  -2.91474   3.65359  -2.71421    43.64864    42.41147     1.23717
  -3.48636   2.76414  -2.71421    43.70093    42.80921     0.89172
  -0.64465   2.23550  -3.38016    56.51386    56.98154    -0.46768
  -1.16531   3.13731  -3.38016    50.31866    49.92459     0.39407
  -2.20663   3.13731  -3.38016    46.33180    45.53328     0.79852
  -2.72729   2.23550  -3.38016    46.58774    46.18908     0.39866
  -2.20663   1.33369  -3.38016    51.16135    51.59181    -0.43046
  -1.68597   2.23550  -3.61783    50.43364    50.44325    -0.00961
  -5.09024  -3.10199  -0.76932    41.12662    41.29725    -0.17063
  -4.44098  -3.91613  -0.76932    43.16943    43.19190    -0.02247
  -3.50278  -4.36794  -0.76932    47.00981    47.17639    -0.16658
  -5.32195  -2.08678  -1.83742    39.94664    40.46989    -0.52325
  -5.09024  -3.10199  -1.83742    40.75526    40.61151     0.14375
  -4.44098  -3.91613  -1.83742    42.77719    42.39850     0.37869
  -3.50278  -4.36794  -1.83742    46.36464    46.08420     0.28044
  -2.46146  -4.36794  -1.83742    52.21977    52.18693     0.03284
  -4.78251  -1.55814  -2.79975    41.50596    41.99894    -0.49298
  -4.78251  -2.61542  -2.79975    41.40486    41.32308     0.08177
  -4.21090  -3.50487  -2.79975    43.21716    42.85716     0.36000
  -3.24916  -3.94408  -2.79975    46.95224    46.78838     0.16387
  -2.20264  -3.79361  -2.79975    52.96246    53.40886    -0.44640
  -4.02345  -2.08678  -3.46570    43.77073    44.07363    -0.30289
  -3.50278  -2.98859  -3.46570    45.61090    45.72697    -0.11606
  -2.46146  -2.98859  -3.46570    50.93173    51.64544    -0.71371
  -2.98212  -2.08678  -3.70337    48.21272    49.00760    -0.79488
  -0.83313  -2.77348  -3.02838    66.36882    67.42490    -1.05607
  -0.57130  -1.06665  -3.69433    68.70974    68.14442     0.56531
  -1.09196  -0.16484  -3.69433    62.50654    62.04332     0.46322
  -2.13328  -0.16484  -3.69433    53.93311    54.20154    -0.26843
  -1.09196  -1.96846  -3.69433    62.21323    62.65158    -0.43835
  -1.61262  -1.06665  -3.93201    57.28253    57.48509    -0.20256
  -0.32248   4.30672   2.82692    45.80767    46.72430    -0.91663
  -1.36380   4.30672   2.82692    43.09683    43.72910    -0.63228
  -0.06366   5.11174   2.16097    45.10028    45.09458     0.00571
  -1.11018   5.26221   2.16097    42.35825    41.89111     0.46714
  -2.07192   4.82300   2.16097    41.47915    41.01577     0.46338
  -2.64353   3.93355   2.16097    42.12134    42.34726    -0.22592
  -0.32248   5.68608   1.19865    43.92060    43.27153     0.64907
  -1.36380   5.68608   1.19865    41.96173    40.81614     1.14558
  -2.30200   5.23426   1.19865    41.33776    40.07661     1.26116
  -2.95125   4.42013   1.19865    41.96831    40.94598     1.02233
  -0.32248   5.68608   0.13055    44.77590    44.16063     0.61526
  -1.36380   5.68608   0.13055    42.81166    41.52430     1.28736
  -2.30200   5.23426   0.13055    42.26972    40.72748     1.54224
  -2.95125   4.42013   0.13055    43.18081    41.63366     1.54715
  -1.11018   5.26221  -0.83178    45.23934    44.18061     1.05872
  -2.07192   4.82300  -0.83178    44.62538    43.08371     1.54167
  -0.25738   1.91812   3.83522    54.20095    54.14310     0.05784
   0.78394   1.91812   3.59754    60.28452    60.07400     0.21052
   0.26328   2.81993   3.59754    52.44211    53.02124    -0.57913
  -0.77804   2.81993   3.59754    48.36650    49.36130    -0.99480
  -1.29870   1.91812   3.59754    50.35881    50.80571    -0.44690
  -0.77804   1.01630   3.59754    57.43441    56.76962     0.66479
   0.26328   1.01630   3.59754    63.53034    62.64902     0.88132
   1.32115   2.93257   2.93159    58.94717    59.42947    -0.48231
  -2.35160  -2.26153   3.63209    50.49015    50.17815     0.31200
  -2.87226  -1.35972   3.39441    49.24816    48.92145     0.32671
  -3.39292  -2.26153   3.39441    46.23967    45.63842     0.60125
  -2.87226  -3.16334   3.39441    47.39745    46.98639     0.41107
  -1.83094  -3.16334   3.39441    52.68964    52.54379     0.14585
  -3.58037  -0.84344   2.72846    47.22253    47.22260    -0.00007
  -4.15198  -1.73289   2.72846    44.59822    44.07999     0.51823
  -4.15198  -2.79017   2.72846    43.79759    43.20563     0.59196
  -3.58037  -3.67961   2.72846    44.77862    44.52702     0.25159
  -2.61864  -4.11882   2.72846    47.95886    48.19789    -0.23904
  -4.69142  -2.26153   1.76614    43.42051    42.92900     0.49150
  -4.45971  -3.27674   1.76614    43.03548    42.87616     0.15932
  -3.81045  -4.09088   1.76614    44.19849    44.53689    -0.33840
  -2.87226  -4.54269   1.76614    47.18884    48.12075    -0.93191
  -4.45971  -3.27674   0.69804    43.74829    44.10194    -0.35366
  -1.76324  -5.02912   1.54395    51.74402    52.49811    -0.75409
  -0.71672  -4.87865   1.54395    59.06888    59.41679    -0.34792
  -2.95506  -5.00117   0.58162    46.98951    47.74137    -0.75186
  -2.01686  -5.45299   0.58162    50.38241    50.66814    -0.28573
  -0.97554  -5.45299   0.58162    56.42568    56.35655     0.06913
  -0.03734  -5.00117   0.58162    66.28432    65.98038     0.30394
  -2.95506  -5.00117  -0.48648    47.86439    48.09504    -0.23065
  -2.01686  -5.45299  -0.48648    51.29468    51.17580     0.11888
  -0.97554  -5.45299  -0.48648    57.55851    57.17039     0.38812
  -0.03734  -5.00117  -0.48648    68.16174    67.52333     0.63841
  -2.72498  -4.58991  -1.44880    50.40620    50.32694     0.07926
  -1.76324  -5.02912  -1.44880    54.29035    54.10851     0.18185
  -0.71672  -4.87865  -1.44880    62.44653    62.18776     0.25877
  -0.97554  -4.07363  -2.11475    63.39748    63.85438    -0.45690
   2.35388   5.04005  -1.59764    51.27406    52.31362    -1.03957
   1.41568   5.49187  -1.59764    47.54561    48.18124    -0.63563
   0.37436   5.49187  -1.59764    46.28764    46.32895    -0.04131
  -0.56384   5.04005  -1.59764    47.06092    46.42970     0.63122
   2.47354   4.22516  -2.55997    55.98443    56.61299    -0.62856
   1.67450   4.91753  -2.55997    50.27259    50.54031    -0.26773
   0.62798   5.06800  -2.55997    47.98715    47.76806     0.21909
  -0.33376   4.62879  -2.55997    48.42492    47.76930     0.65562
   1.93634   3.21070  -3.22592    61.09000    61.71559    -0.62559
   1.41568   4.11251  -3.22592    53.51715    53.55550    -0.03835
   0.37436   4.11251  -3.22592    51.35832    50.98959     0.36874
  -0.14630   3.21070  -3.22592    54.71426    54.57460     0.13966
   0.37436   2.30889  -3.22592    62.64238    63.15546    -0.51308
   0.89502   3.21070  -3.46359    57.35635    57.49245    -0.13610
   1.63611   3.32930   2.90995    56.94428    57.23163    -0.28735
   2.67743   3.32930   2.67228    59.85779    59.72370     0.13409
   2.15677   4.23111   2.67228    52.94342    52.57823     0.36519
   1.11545   4.23111   2.67228    50.89072    51.15032    -0.25960
   3.51251   3.32930   2.00633    63.58810    63.07562     0.51249
   3.21464   4.34375   2.00633    55.18959    54.43407     0.75552
   2.41559   5.03612   2.00633    50.21880    49.55995     0.65885
   1.36907   5.18659   2.00633    48.00306    47.72011     0.28294
   3.97594   3.32930   1.04400    67.31264    66.68739     0.62525
   3.74422   4.34451   1.04400    57.45925    56.81819     0.64106
   3.09497   5.15865   1.04400    51.43574    50.89008     0.54566
   2.15677   5.61046   1.04400    47.99752    47.70986     0.28766
   1.11545   5.61046   1.04400    46.70313    46.66089     0.04224
   3.74422   4.34451  -0.02410    58.73012    58.62810     0.10202
   3.09497   5.15865  -0.02410    52.00069    52.17330    -0.17260
   2.15677   5.61046  -0.02410    48.28838    48.77672    -0.48834
  -0.97740   0.33853   3.39766    59.82672    59.07728     0.74944
  -0.02249  -2.16652   4.20559    59.18147    59.13886     0.04260
   1.01883  -2.16652   3.96791    66.51482    66.57564    -0.06082
   0.49817  -1.26471   3.96791    64.61131    65.21359    -0.60229
  -0.54315  -1.26471   3.96791    58.77308    59.30539    -0.53231
  -1.06381  -2.16652   3.96791    55.47383    55.52343    -0.04959
  -0.54315  -3.06833   3.96791    56.52211    56.14740     0.37472
   0.49817  -3.06833   3.96791    61.57664    61.09168     0.48496
  -1.25127  -3.58461   3.30196    55.03234    54.89998     0.13235
  -0.28953  -4.02382   3.30196    58.44107    58.00814     0.43292
   0.75699  -3.87335   3.30196    64.57624    63.99079     0.58545
   1.55603  -3.18098   3.30196    72.83896    72.54654     0.29242
  -0.54315  -4.44768   2.33964    59.73833    59.84222    -0.10389
   0.49817  -4.44768   2.33964    66.16754    65.85715     0.31039
   1.43637  -3.99587   2.33964    75.93100    75.63135     0.29966
   2.30715   0.82836  -3.40232    86.96440    88.26626    -1.30186
   0.74517   1.73017  -3.40232    68.09588    68.65664    -0.56077
   0.22451   0.82836  -3.40232    72.07466    71.64082     0.43384
   0.74517  -0.07345  -3.40232    84.37268    83.28237     1.09031
   1.26583   0.82836  -3.63999    77.47939    77.73675    -0.25736
   4.35977   2.70284   0.56921    76.17945    75.46587     0.71358
   5.12107   1.68838  -0.39311    91.70864    90.35024     1.35840
   4.88935   2.70360  -0.39311    75.49205    74.57972     0.91233
   4.24010   3.51774  -0.39311    67.11933    66.69078     0.42855
   5.12107   1.68838  -1.46121    88.95531    87.89052     1.06479
   4.88935   2.70360  -1.46121    73.98533    73.11934     0.86599
   4.24010   3.51774  -1.46121    65.90216    65.53907     0.36308
   4.65764   1.68838  -2.42354    84.63770    84.32032     0.31739
   4.35977   2.70284  -2.42354    71.55552    71.19313     0.36239
   3.56073   3.39521  -2.42354    64.78973    64.98517    -0.19545
   3.82256   1.68838  -3.08949    80.61538    81.18024    -0.56486
   3.30190   2.59020  -3.08949    69.68246    70.28348    -0.60101
   3.30190   0.78657  -3.08949    95.84690    97.30471    -1.45781
   2.78124   1.68838  -3.32716    77.59859    79.04398    -1.44539
   0.71676  -4.57206   1.09181    74.27103    74.01422     0.25681
   1.76328  -4.42159   1.09181    83.91277    83.53895     0.37382
   0.46314  -4.99592   0.12949    71.34647    70.71928     0.62719
   1.50446  -4.99592   0.12949    78.60942    77.80461     0.80481
   2.44266  -4.54411   0.12949    93.17430    92.06550     1.10881
   0.46314  -4.99592  -0.93861    71.73130    71.05602     0.67528
   1.50446  -4.99592  -0.93861    79.38017    78.51248     0.86768
   2.44266  -4.54411  -0.93861    94.77097    93.66751     1.10346
  -0.24498  -4.13285  -1.90094    70.84569    71.13348    -0.28779
   0.71676  -4.57206  -1.90094    75.43373    75.18767     0.24606
   1.76328  -4.42159  -1.90094    86.52896    86.11321     0.41575
   0.46314  -3.61657  -2.56689    78.45307    79.22378    -0.77071
   1.50446  -3.61657  -2.56689    90.54685    90.96603    -0.41918
  -0.01277  -0.23749  -3.18797    79.48835    77.67084     1.81751
  -0.01277  -2.04111  -3.18797    78.18399    78.48875    -0.30476
   1.02855  -2.04111  -3.18797    93.46180    93.70422    -0.24242
   0.50789  -1.13930  -3.42565    84.68182    83.92155     0.76027
   3.05321   0.74138   3.58238    70.24269    71.89447    -1.65179
   4.09453   0.74138   3.34471    71.55206    72.30562    -0.75356
   3.57387   1.64319   3.34471    66.94274    67.70044    -0.75770
   3.57387  -0.16043   3.34471    77.61002    79.22710    -1.61709
   4.92961   0.74138   2.67876    75.97860    75.91226     0.06634
   4.63174   1.75583   2.67876    69.91555    69.71468     0.20087
   3.83269   2.44821   2.67876    66.48459    66.51994    -0.03536
   4.63174  -0.27308   2.67876    84.01765    84.55517    -0.53752
   5.39304   0.74138   1.71643    84.31095    83.63751     0.67343
   5.16132   1.75659   1.71643    75.85876    75.14232     0.71645
   4.51207   2.57073   1.71643    70.63062    70.05655     0.57408
   5.16132  -0.27384   1.71643    95.99613    95.61431     0.38182
   5.16132   1.75659   0.64833    84.77707    83.75331     1.02376
   4.51207   2.57073   0.64833    77.03743    76.27609     0.76134
   1.35021   0.61909   3.89041    65.71556    66.19713    -0.48158
   1.87087   1.52090   3.65273    64.51724    65.27402    -0.75678
   0.82955   1.52090   3.65273    62.51074    62.14767     0.36307
   0.30889   0.61909   3.65273    64.63431    64.04673     0.58758
   0.82955  -0.28273   3.65273    69.20205    69.83278    -0.63074
   1.87087  -0.28273   3.65273    73.10958    74.56404    -1.45446
   2.49692  -1.61736   3.66215    76.49259    77.41465    -0.92206
   3.53824  -1.61736   3.42447    79.57998    80.43114    -0.85116
   3.01758  -0.71555   3.42447    79.49113    81.25263    -1.76150
   1.97626  -2.51917   3.42447    76.71201    76.95701    -0.24500
   3.01758  -2.51917   3.42447    77.94510    78.31011    -0.36501
   4.37332  -1.61736   2.75852    87.18548    87.75892    -0.57344
   2.22988  -3.47465   2.75852    80.09091    80.06164     0.02926
   3.27641  -3.32419   2.75852    82.41328    82.41512    -0.00184
   4.07545  -2.63181   2.75852    85.22230    85.36964    -0.14735
   1.97626  -3.89852   1.79620    86.29923    86.26107     0.03816
   3.01758  -3.89852   1.79620    90.02941    89.73686     0.29255
   3.95578  -3.44671   1.79620    95.21068    94.70479     0.50589
   4.60503  -2.63257   1.79620    99.58482    99.23670     0.34812
   3.61505   0.44241  -3.12372   100.90921   102.11766    -1.20846
   1.60679  -2.68251  -3.12372    97.05717    97.40313    -0.34596
   2.56853  -3.12172  -3.12372    99.60674    99.90750    -0.30076
   3.87689  -1.26442  -3.78967    97.49564    98.10859    -0.61295
   3.35623  -0.36261  -3.78967    96.23397    96.67862    -0.44465
   2.31491  -0.36261  -3.78967    94.60850    94.46937     0.13913
   1.79425  -1.26442  -3.78967    94.31238    93.78106     0.53132
   2.31491  -2.16623  -3.78967    94.96594    94.82165     0.14429
   3.35623  -2.16623  -3.78967    96.77234    97.09356    -0.32122
   2.83557  -1.26442  -4.02735    94.45593    94.36174     0.09419
   3.39889  -4.08894   0.92521    99.58394    98.43393     1.15001
   4.44541  -3.93848   0.92521    97.02866    95.76622     1.26244
   5.24445  -3.24610   0.92521    98.07140    97.14434     0.92707
   3.14527  -4.51281  -0.03711    98.01439    96.58916     1.42523
   4.18659  -4.51281  -0.03711    95.18621    93.72696     1.45925
   5.12478  -4.06100  -0.03711    94.84100    93.60798     1.23302
   5.77404  -3.24686  -0.03711    96.96911    96.26497     0.70414
   3.14527  -4.51281  -1.10521    98.14528    97.04138     1.10391
   4.18659  -4.51281  -1.10521    95.31215    94.20559     1.10656
   5.12478  -4.06100  -1.10521    95.02078    94.16828     0.85250
   5.77404  -3.24686  -1.10521    97.26636    96.99579     0.27056
   3.39889  -4.08894  -2.06754   100.10505    99.82756     0.27749
   4.44541  -3.93848  -2.06754    97.62776    97.39636     0.23140
   5.24445  -3.24610  -2.06754    99.02444    99.28736    -0.26292
   5.85837  -0.61009   0.87115    99.54364    98.88944     0.65420
   5.56050   0.40437   0.87115    97.46784    96.35039     1.11744
   6.32181  -0.61009  -0.09117    97.56207    97.05714     0.50493
   6.09009   0.40512  -0.09117    95.10663    94.04037     1.06627
   5.44084   1.21926  -0.09117    95.55907    94.16265     1.39642
   6.32181  -0.61009  -1.15927    97.56585    97.47296     0.09289
   6.09009   0.40512  -1.15927    95.02496    94.30647     0.71849
   5.44084   1.21926  -1.15927    95.37638    94.22403     1.15235
   5.85837  -0.61009  -2.12160    99.73567   100.29155    -0.55588
   5.56050   0.40437  -2.12160    97.12785    97.06973     0.05812
