
Resp charges for organic molecule                                               

iqopt   irstrnt  ihfree     qwt
  2      1      1        0.001000

 rel.rms   dipole mom       Qxx      Qyy      Qzz
    0.01682  14.93404  78.86646 -29.58515 -49.28131

          Point charges before & after optimization
    NO   At.No.    q0           q(opt)   IVARY  d(rstr)/dq 
     1     6  -0.060785      -0.012482    0    0.009923
     2     6  -0.046151      -0.005001    0    0.009988
     3     6  -0.012894      -0.005001    2    0.009988
     4     6  -0.067104      -0.032387    0    0.009513
     5     6  -0.077899      -0.032387    4    0.009513
     6     6  -0.054206      -0.022173    0    0.009763
     7     6  -0.018673      -0.022173    6    0.009763
     8     6  -0.050133      -0.021455    0    0.009778
     9     6  -0.011785      -0.021455    8    0.009778
    10     6  -0.094039      -0.091715    0    0.007369
    11     6  -0.120378      -0.091715   10    0.007369
    12     6   0.023394       0.023394  -99    0.009737
    13     7  -0.462095      -0.462095  -99    0.002115
    14     1   0.027702       0.008780    0    0.000000
    15     1   0.014143       0.008780   14    0.000000
    16     1   0.026852       0.008218    0    0.000000
    17     1   0.016479       0.008218   16    0.000000
    18     1   0.042009       0.008218   16    0.000000
    19     1   0.036054       0.008218   16    0.000000
    20     1   0.034298       0.014645    0    0.000000
    21     1   0.020992       0.014645   20    0.000000
    22     1   0.035198       0.014645   20    0.000000
    23     1   0.027872       0.014645   20    0.000000
    24     1   0.043483       0.020159    0    0.000000
    25     1   0.024985       0.020159   24    0.000000
    26     1   0.006176       0.020159   24    0.000000
    27     1   0.028729       0.020159   24    0.000000
    28     1   0.073355       0.026685    0    0.000000
    29     1   0.029454       0.026685   28    0.000000
    30     1   0.007587       0.026685   28    0.000000
    31     1   0.034351       0.026685   28    0.000000
    32     1   0.081701       0.065243    0    0.000000
    33     1   0.069886       0.065243   32    0.000000
    34     1   0.081568       0.065243   32    0.000000
    35     1   0.050591       0.065243   32    0.000000
    36     1   0.141588       0.141588  -99    0.000000
    37     1   0.365899       0.365899  -99    0.000000
    38     1   0.365899       0.365899  -99    0.000000
    39     1   0.365899       0.365899  -99    0.000000

        Statistics of the fitting:
  The initial sum of squares (ssvpot)                     15.807
  The residual sum of squares (chipot)                     0.004
  The std err of estimate (sqrt(chipot/N))               0.00192
  ESP relative RMS (SQRT(chipot/ssvpot))                 0.01682

 Dipole Moment (Debye)=  14.93404
