
Resp charges for organic molecule                                               

iqopt   irstrnt  ihfree     qwt
  2      1      1        0.001000

 rel.rms   dipole mom       Qxx      Qyy      Qzz
    0.01753  10.33470  88.40692 -16.11055 -72.29637

          Point charges before & after optimization
    NO   At.No.    q0           q(opt)   IVARY  d(rstr)/dq 
     1     6  -0.352247      -0.352247  -99    0.002731
     2     6  -0.159842      -0.159842  -99    0.005304
     3     6  -0.357003      -0.357003  -99    0.002697
     4     6  -0.385620      -0.385620  -99    0.002510
     5     6   0.264876       0.264876  -99    0.003532
     6     6  -0.011844      -0.011844  -99    0.009931
     7     6   0.083444       0.083444  -99    0.007678
     8     6   0.516080       0.516080  -99    0.001902
     9     6   0.308787       0.308787  -99    0.003081
    10     6  -0.381345      -0.376911    0    0.002564
    11     6  -0.174189      -0.174189  -99    0.004979
    12     6  -0.071951      -0.021088    0    0.009785
    13     6  -0.071720      -0.147455    0    0.005612
    14     6  -0.022702      -0.067202    0    0.008299
    15     6  -0.024043      -0.007651    0    0.009971
    16     6  -0.000892      -0.000892  -99    0.010000
    17     6  -0.047748      -0.047748  -99    0.009024
    18     6  -0.018559      -0.018559  -99    0.009832
    19     6  -0.034387      -0.056425    0    0.008709
    20     6   0.137526       0.137526  -99    0.005881
    21     7  -0.658395      -0.658395  -99    0.001502
    22     7  -0.062044      -0.062044  -99    0.008497
    23     8  -0.690771      -0.690771  -99    0.001433
    24     8  -0.341640      -0.341640  -99    0.002809
    25     1   0.196384       0.196384  -99    0.000000
    26     1   0.178920       0.178920  -99    0.000000
    27     1   0.193453       0.193453  -99    0.000000
    28     1   0.141687       0.141687  -99    0.000000
    29     1   0.106683       0.106683  -99    0.000000
    30     1   0.174790       0.171266    0    0.000000
    31     1   0.177239       0.171266   30    0.000000
    32     1   0.149370       0.149370  -99    0.000000
    33     1   0.055360       0.052687    0    0.000000
    34     1   0.073273       0.052687   33    0.000000
    35     1   0.065759       0.093771    0    0.000000
    36     1   0.072907       0.093771   35    0.000000
    37     1   0.062286       0.108569    0    0.000000
    38     1   0.123237       0.108569   37    0.000000
    39     1   0.121367       0.109544    0    0.000000
    40     1   0.094134       0.109544   39    0.000000
    41     1   0.104275       0.104275  -99    0.000000
    42     1   0.094299       0.094299  -99    0.000000
    43     1   0.136960       0.136960  -99    0.000000
    44     1   0.102067       0.097259    0    0.000000
    45     1   0.086323       0.097259   44    0.000000
    46     1   0.084121       0.097259   44    0.000000
    47     1   0.234351       0.234351  -99    0.000000
    48     1   0.262002       0.262002  -99    0.000000
    49     1   0.464980       0.464980  -99    0.000000

        Statistics of the fitting:
  The initial sum of squares (ssvpot)                     16.937
  The residual sum of squares (chipot)                     0.005
  The std err of estimate (sqrt(chipot/N))               0.00174
  ESP relative RMS (SQRT(chipot/ssvpot))                 0.01753

 Dipole Moment (Debye)=  10.33470
