 1116     6      6345522.6773193451     1048.7949607235
  -3.50479  -0.15106   2.32670    38.52455    38.62886    -0.10432
  -2.97979   0.75827   2.04535    37.63765    36.94068     0.69697
  -4.02979   0.75827   2.04535    39.42204    40.33917    -0.91713
  -4.69576  -1.52551  -0.82330    37.13400    37.66029    -0.52629
  -4.55479  -0.15106  -1.59196    34.87727    35.28294    -0.40568
  -4.02979  -1.06039  -1.59196    31.50892    31.72760    -0.21868
  -2.97979  -1.06039  -1.59196    32.06794    27.53179     4.53615
  -2.74325  -1.28324   2.62477    44.96786    45.65421    -0.68636
  -1.69325  -1.28324   2.34342    50.23695    50.87519    -0.63824
  -2.21825  -0.37391   2.34342    42.28863    41.68872     0.59990
  -3.26825  -0.37391   2.34342    38.75422    38.45844     0.29577
  -3.79325  -1.28324   2.34342    45.57674    45.40109     0.17566
  -2.21825  -2.19256   2.34342    54.02169    54.26855    -0.24687
  -3.93422  -2.65768  -0.52523    41.11249    41.96357    -0.85107
  -3.00207  -3.08338  -0.52523    44.97029    45.81636    -0.84607
  -3.26825  -2.19256  -1.29389    35.20725    35.47057    -0.26332
  -2.74325  -1.28324  -1.57523    33.62807    29.68870     3.93938
  -1.85216   0.95852   1.44849    46.47612    40.87528     5.60084
  -2.37716   1.86785   1.44849    44.80155    43.91279     0.88876
  -3.42716   1.86785   1.44849    41.48539    41.19276     0.29263
  -2.14666   2.61283   0.67984    53.07712    52.46683     0.61029
  -3.95216   0.95852  -2.18882    39.53555    40.17738    -0.64183
  -3.42716   0.04919  -2.18882    33.56043    33.27963     0.28080
  -2.90216   0.95852  -2.47016    41.16567    41.68653    -0.52087
  -1.38005  -1.30809   2.32745    53.92991    55.17003    -1.24012
  -0.33005  -1.30809   2.04610    72.92273    75.23801    -2.31527
  -0.85505  -0.39877   2.04610    60.74009    61.72463    -0.98454
  -2.12472  -3.27163   0.22745    59.37762    57.39005     1.98757
  -1.63887  -3.10824  -0.82255    53.57957    55.38941    -1.80984
  -2.43005  -1.30809  -1.59120    35.78735    31.95205     3.83530
  -1.90505  -2.21742  -1.59120    43.32544    45.10152    -1.77608
  -0.85505  -2.21742  -1.59120    59.70119    61.27291    -1.57172
  -1.53897   0.93822   1.43063    51.50922    46.81132     4.69790
  -1.79779   2.73836   0.38063    58.67552    57.93303     0.74250
  -0.48897   0.93822  -2.48802    75.04795    74.30162     0.74632
  -2.58897   0.93822  -2.48802    42.63204    43.29225    -0.66021
  -2.06397   0.02889  -2.48802    41.94941    43.03378    -1.08437
  -1.01397   0.02889  -2.48802    58.25375    58.71986    -0.46611
  -1.53897   0.93822  -2.76937    53.98927    55.84296    -1.85369
  -1.30097   0.71240   1.44835    55.13464    50.64544     4.48920
  -1.30097  -1.10625  -2.18896    50.27648    51.29323    -1.01674
  -0.77597  -0.19692  -2.47031    62.73815    62.31383     0.42432
   0.79859   2.68173   2.57379    76.03695    76.90024    -0.86329
   0.79859   0.86307   2.57379    90.77781    89.65039     1.12743
   1.84859   0.86307   2.57379   105.83786   106.27658    -0.43872
   1.06477   3.57254   1.80514    75.65602    74.95034     0.70568
   1.57672   3.85709   0.75514    80.29340    80.16913     0.12427
   0.57892   3.73594   0.75514    75.23376    74.12949     1.10427
   5.13871  -0.22699   0.80808   133.59555   132.64048     0.95507
   2.86409  -3.17376  -0.24192   100.86375   102.07127    -1.20752
   3.86189  -3.29492  -0.24192    97.80615    96.70776     1.09839
   4.80170  -2.93850  -0.24192    97.27665    96.16437     1.11228
   4.36426  -2.86453  -1.29192    97.57527    96.56290     1.01237
   4.13376  -0.30090  -2.06057   124.39321   124.26091     0.13230
   0.18419  -1.13050  -2.51375    77.47835    77.51888    -0.04053
   3.33448   2.25494   0.05522   134.04562   138.09907    -4.05345
  -4.56504  -0.13429   2.13745    43.22024    44.07982    -0.85958
  -5.36393   0.44613   1.81660    45.25440    45.33362    -0.07922
  -5.36393  -0.71472   1.81660    46.75978    46.12727     0.63251
  -5.36393   1.24942   0.97660    47.11105    46.33680     0.77425
  -6.06646   0.41218   0.97660    46.94094    45.53241     1.40853
  -6.06646  -0.68076   0.97660    46.90546    45.47113     1.43434
  -5.36393  -1.51801   0.97660    48.30819    46.94857     1.35962
  -5.36393   1.24942  -0.06170    49.40897    47.57622     1.83275
  -6.06646   0.41218  -0.06170    46.25317    45.17009     1.08308
  -6.06646  -0.68076  -0.06170    44.95616    44.37186     0.58429
  -5.36393  -1.51801  -0.06170    44.12032    44.07347     0.04686
  -5.36393   0.44613  -0.90170    43.93748    43.72721     0.21027
  -5.36393  -0.71472  -0.90170    40.19852    41.54733    -1.34881
  -3.21245  -2.14563   2.66761    49.69936    50.53562    -0.83625
  -4.01134  -1.56520   2.34676    47.31652    47.26436     0.05216
  -4.01134  -2.72605   2.34676    50.83453    50.14882     0.68570
  -2.90730  -3.08478   2.34676    54.48388    54.10628     0.37759
  -4.71387  -1.59916   1.50676    51.21046    48.87616     2.33429
  -4.71387  -2.69210   1.50676    49.80027    48.66244     1.13782
  -4.01134  -3.52934   1.50676    51.86009    50.57910     1.28099
  -2.93500  -3.71913   1.50676    55.70412    54.66155     1.04257
  -1.98848  -3.17266   1.50676    63.09299    61.15063     1.94236
  -4.71387  -2.69210   0.46846    47.24233    46.87354     0.36879
  -4.01134  -3.52934   0.46846    49.16857    49.07365     0.09492
  -2.93500  -3.71913   0.46846    53.40548    53.25497     0.15051
  -4.01134  -2.72605  -0.37154    42.66175    43.56098    -0.89923
  -3.18956   2.77686   0.75652    49.29735    49.90082    -0.60347
  -4.29360   2.41813   0.75652    47.97334    47.79991     0.17343
  -3.21726   3.41121  -0.08348    54.50824    54.03564     0.47260
  -4.29360   3.22142  -0.08348    51.51115    50.47401     1.03715
  -4.99613   2.38418  -0.08348    49.82443    48.55834     1.26609
  -3.21726   3.41121  -1.12177    56.68100    55.28450     1.39649
  -4.29360   3.22142  -1.12177    52.48893    50.91979     1.56913
  -4.99613   2.38418  -1.12177    49.39031    48.26461     1.12569
  -4.99613   1.29124  -1.12177    46.75958    45.78145     0.97813
  -3.18956   2.77686  -1.96177    55.05485    54.20322     0.85163
  -4.29360   2.41813  -1.96177    49.36526    49.08789     0.27737
  -4.29360   1.25728  -1.96177    42.77779    43.51427    -0.73648
  -3.49471   1.83771  -2.28262    47.51109    48.15191    -0.64082
  -0.79608  -2.19409   2.14377    66.71221    68.25833    -1.54612
   0.19140  -2.19409   1.82292    82.77889    84.22641    -1.44752
  -1.59496  -2.77452   1.82292    63.90047    62.52836     1.37211
  -0.49093  -3.13324   1.82292    71.41782    71.02306     0.39477
   0.80170  -2.19409   0.98292    98.85891    99.91891    -1.05999
  -1.59496  -3.57781   0.98292    64.28243    62.81942     1.46301
  -0.51863  -3.76759   0.98292    71.00282    69.62106     1.38176
   0.42789  -3.22112   0.98292    83.44444    82.55154     0.89289
  -1.59496  -3.57781  -0.05538    60.17791    60.31356    -0.13565
  -0.51863  -3.76759  -0.05538    69.78678    69.39716     0.38962
   0.42789  -3.22112  -0.05538    84.59958    84.01951     0.58006
  -0.49093  -3.13324  -0.89538    69.09323    70.55427    -1.46104
  -0.80179   3.37981  -0.61431    72.62125    71.88286     0.73838
  -1.87812   3.19002  -0.61431    64.73484    63.05642     1.67842
   0.14473   2.83334  -1.65261    86.16263    84.08874     2.07388
  -0.80179   3.37981  -1.65261    72.62479    70.53964     2.08515
  -1.87812   3.19002  -1.65261    64.84031    62.91413     1.92618
  -0.09176   1.80631  -2.49261    82.10652    80.80308     1.30345
  -0.77409   2.74546  -2.49261    71.41986    69.91241     1.50746
  -1.87812   2.38674  -2.49261    60.60360    60.30972     0.29388
  -1.07924   1.80631  -2.81346    65.19698    65.96447    -0.76748
   2.66640   3.41662   0.37657    93.65959    96.32352    -2.66393
   1.71989   3.96309   0.37657    80.71511    81.22272    -0.50761
   0.64355   3.77331   0.37657    76.71883    76.14281     0.57603
   2.66640   3.41662  -0.66173    95.78031    96.61325    -0.83294
   1.71989   3.96309  -0.66173    82.89168    82.53734     0.35433
   0.64355   3.77331  -0.66173    79.24752    78.74859     0.49892
   2.42991   2.38959  -1.50173   116.64901   115.43830     1.21072
   1.74758   3.32874  -1.50173    91.10561    89.78030     1.32531
   0.64355   2.97002  -1.50173    88.95148    87.37540     1.57608
   1.44243   2.38959  -1.82258   101.68058    99.94377     1.73681
   0.30646   1.88624   2.80802    75.04271    75.01042     0.03229
   0.61161   2.82539   2.48717    74.22893    74.68817    -0.45925
  -0.49243   2.46667   2.48717    68.49523    66.82877     1.66646
  -0.49243   1.30582   2.48717    71.48252    69.59791     1.88461
  -0.49243   3.26995   1.64717    68.44687    66.95983     1.48703
  -1.19496   2.43271   1.64717    64.75443    62.44947     2.30496
  -1.19496   1.33977   1.64717    62.04377    59.17162     2.87215
  -0.49243   0.50253   1.64717    74.57131    71.79588     2.77543
  -0.49243   3.26995   0.60887    71.62651    71.15952     0.46699
   2.01356   2.16904   3.18970    83.98683    84.36462    -0.37779
   3.00104   2.16904   2.86885    94.99885    94.40049     0.59836
   2.31871   3.10819   2.86885    80.79096    80.45114     0.33983
   1.21468   2.74946   2.86885    76.09341    77.09863    -1.00522
   1.21468   1.58861   2.86885    85.10527    85.93268    -0.82741
   2.31871   1.22989   2.86885   100.52923   101.14961    -0.62038
   3.61134   2.16904   2.02885   112.90594   112.48188     0.42406
   3.23753   3.19607   2.02885    90.64977    90.61598     0.03379
   2.29101   3.74254   2.02885    79.53281    79.69420    -0.16139
   1.21468   3.55275   2.02885    75.46405    75.33907     0.12498
   3.23753   3.19607   0.99055    97.56698    99.77440    -2.20742
   2.29101   3.74254   0.99055    84.29959    85.65318    -1.35358
   2.22770  -3.03738  -0.52631   100.61362   101.46526    -0.85164
   2.22770  -3.03738  -1.56460    96.10414    94.24871     1.85543
   3.30404  -3.22717  -1.56460    93.34975    92.38941     0.96034
   4.01407  -1.65366  -2.40460   100.87393   102.70353    -1.82959
   3.33174  -0.71452  -2.40460   116.00935   116.29206    -0.28271
   2.22770  -1.07324  -2.40460   109.68601   109.76020    -0.07420
   2.22770  -2.23409  -2.40460    98.23757    95.99618     2.24138
   3.33174  -2.59281  -2.40460    93.51549    92.56079     0.95470
   3.02659  -1.65366  -2.72545    99.54634    99.02269     0.52365
   5.64078  -1.12289   0.81760   105.93817   107.04073    -1.10255
   6.25108  -1.12289  -0.02240    97.67782    96.31378     1.36404
   5.87727  -0.09586  -0.02240   111.57376   110.72010     0.85367
   5.87727  -2.14992  -0.02240    93.87090    93.46798     0.40292
   6.25108  -1.12289  -1.06070    95.37092    92.96382     2.40710
   5.87727  -0.09586  -1.06070   106.54614   104.99037     1.55577
   4.93076   0.45062  -1.06070   134.54552   134.58990    -0.04439
   4.93076  -2.69639  -1.06070    97.04160    95.97162     1.06997
   5.87727  -2.14992  -1.06070    91.95130    90.38692     1.56438
   5.64078  -1.12289  -1.90070    96.86417    95.69292     1.17125
   4.95845  -0.18374  -1.90070   113.80780   113.61352     0.19429
   4.95845  -2.06203  -1.90070    96.12511    96.65327    -0.52816
   4.65330  -1.12289  -2.22155   103.97054   105.62595    -1.65541
   3.52064  -1.81625   2.33978   105.51072   103.85884     1.65189
   4.50812  -1.81625   2.01892   102.63934   102.22041     0.41894
   3.82579  -0.87710   2.01892   126.85713   125.24520     1.61192
   2.72175  -1.23582   2.01892   123.13594   122.34087     0.79507
   2.72175  -2.39667   2.01892   102.15227   100.69754     1.45473
   3.82579  -2.75540   2.01892    95.30228    93.27541     2.02686
   5.11842  -1.81625   1.17892   103.59591   105.81757    -2.22166
   2.01922  -2.36272   1.17892   107.68756   108.77477    -1.08721
   2.72175  -3.19996   1.17892    95.98729    95.33782     0.64947
   3.79809  -3.38975   1.17892    92.18458    90.80153     1.38305
   4.74461  -2.84328   1.17892    93.97862    93.84972     0.12889
   2.72175  -3.19996   0.14063    99.36245   100.75479    -1.39234
   3.79809  -3.38975   0.14063    95.90589    95.25091     0.65498
   2.09957   1.42474  -2.10738   120.91542   118.65367     2.26175
   1.15305   1.97121  -2.10738   100.21870    98.10954     2.10916
   1.86308   0.39771  -2.94738    99.57713    98.90319     0.67394
   1.18075   1.33686  -2.94738    91.37870    89.17316     2.20553
   0.07671   0.97814  -2.94738    79.10229    77.68755     1.41474
   0.07671  -0.18272  -2.94738    75.55376    75.25172     0.30204
   1.18075  -0.54144  -2.94738    88.20242    89.60349    -1.40107
   0.87560   0.39771  -3.26824    83.73767    82.71387     1.02381
   1.32227  -2.17081   0.37818   108.01990   109.71174    -1.69184
   1.29458  -2.80516  -0.46182    98.09337    97.64723     0.44614
   0.21824  -2.61538  -1.50012    79.70368    79.07077     0.63291
   1.29458  -2.80516  -1.50012    92.96691    90.82019     2.14671
   2.00460  -1.23166  -2.34012   108.11229   108.09169     0.02060
   0.21824  -1.81209  -2.34012    76.76980    76.65276     0.11704
   1.32227  -2.17081  -2.34012    90.62072    89.28048     1.34024
   1.01713  -1.23166  -2.66097    87.15948    88.61944    -1.45996
   1.47480  -0.29682   3.04119    94.83072    94.53173     0.29898
   2.46228  -0.29682   2.72034   110.67248   111.04933    -0.37685
   1.77995   0.64233   2.72034   102.88321   103.60660    -0.72339
   0.67592   0.28360   2.72034    89.55423    89.03432     0.51992
   0.67592  -0.87725   2.72034    88.64935    88.24277     0.40658
   1.77995  -1.23597   2.72034    99.35608    98.83673     0.51934
  -0.02661   0.24965   1.88034    86.36318    84.04799     2.31519
  -0.02661  -0.84329   1.88034    83.21485    84.33772    -1.12287
   0.67592  -1.68054   1.88034    93.97825    95.04985    -1.07159
   1.75225  -1.87032   1.88034   105.74255   106.33442    -0.59188
   1.75225  -1.87032   0.84205   117.66945   119.82338    -2.15393
   3.64232   0.57017   2.49383   124.79659   123.02821     1.76838
   4.62980   0.57017   2.17298   122.68613   120.09320     2.59292
   3.94746   1.50932   2.17298   123.27852   121.53541     1.74311
   3.94746  -0.36898   2.17298   129.06986   127.19930     1.87056
   5.24009   0.57017   1.33298   124.70560   123.19017     1.51544
   4.86628   1.59720   1.33298   122.84831   122.02937     0.81895
   3.91977   2.14367   1.33298   125.53209   126.33567    -0.80358
   4.86628  -0.45686   1.33298   131.38393   130.05181     1.33212
   5.24009   0.57017   0.29468   133.29045   133.91710    -0.62665
   4.86628   1.59720   0.29468   129.92203   132.53964    -2.61760
   3.91977   2.14367   0.29468   134.01026   138.51051    -4.50025
   4.45750   1.78275  -0.25398   135.73110   140.19204    -4.46094
   3.51099   2.32922  -0.25398   130.93980   134.58811    -3.64831
   4.83131   0.75572  -1.29227   131.11889   131.39984    -0.28095
   4.45750   1.78275  -1.29227   124.70694   125.08099    -0.37405
   3.51099   2.32922  -1.29227   123.88198   123.63140     0.25058
   4.22102   0.75572  -2.13227   125.10897   123.46030     1.64867
   3.53869   1.69487  -2.13227   122.36416   119.99669     2.36747
   2.43465   1.33615  -2.13227   126.81916   124.34062     2.47853
   3.53869  -0.18343  -2.13227   131.88456   130.40523     1.47932
   3.23354   0.75572  -2.45312   124.59378   122.27119     2.32259
  -3.50479  -0.15106   2.62670    39.66457    40.27158    -0.60702
  -2.98413   0.75075   2.38902    39.82823    39.84792    -0.01969
  -4.02545   0.75075   2.38902    39.53346    40.48261    -0.94914
  -4.54611  -0.15106   2.38902    41.81908    42.66432    -0.84524
  -4.96365  -1.98041  -0.30735    41.19386    41.29684    -0.10298
  -5.30518   0.37758  -1.26968    40.64792    40.95402    -0.30611
  -5.30518  -0.67970  -1.26968    37.57034    38.87182    -1.30148
  -4.73357  -1.56914  -1.26968    35.41161    36.41631    -1.00471
  -4.54611  -0.15106  -1.93563    34.78040    35.54898    -0.76858
  -4.02545  -1.05287  -1.93563    32.83922    33.38834    -0.54912
  -2.98413  -1.05287  -1.93563    33.87867    32.12687     1.75180
  -2.74325  -1.28324   2.92477    45.21758    46.14323    -0.92565
  -1.70193  -1.28324   2.68709    50.91491    52.04946    -1.13455
  -2.22259  -0.38143   2.68709    44.53914    44.81564    -0.27650
  -3.26391  -0.38143   2.68709    40.34324    40.87344    -0.53020
  -3.78457  -1.28324   2.68709    44.02887    44.56292    -0.53405
  -2.22259  -2.18505   2.68709    51.84679    52.67816    -0.83137
  -1.96377   0.42359   2.02114    45.20253    42.42833     2.77420
  -4.85136  -2.29845  -0.00928    43.31592    43.19129     0.12463
  -2.22259  -3.56440  -0.00928    54.37371    54.36448     0.00923
  -3.97203  -2.70132  -0.97161    38.51984    39.50752    -0.98768
  -3.01029  -3.14053  -0.97161    42.38456    43.55574    -1.17118
  -3.26391  -2.18505  -1.63756    35.88715    36.55626    -0.66912
  -2.74325  -1.28324  -1.87523    35.20117    33.53893     1.66225
  -1.86084   0.95852   1.79216    47.72165    44.72852     2.99312
  -2.38150   1.86033   1.79216    45.81270    45.33680     0.47590
  -3.42282   1.86033   1.79216    41.30697    41.54119    -0.23421
  -2.12268   2.66535   1.12621    51.97205    51.91932     0.05273
  -3.16920   2.81582   1.12621    47.01130    47.56680    -0.55550
  -2.38150   3.23968   0.16389    55.90826    55.57666     0.33160
  -4.70255   0.42988  -1.86654    37.54556    38.03457    -0.48901
  -3.42282   1.86033  -2.53249    46.25353    46.95520    -0.70167
  -3.94348   0.95852  -2.53249    39.34827    40.25451    -0.90624
  -3.42282   0.05671  -2.53249    35.76566    36.27638    -0.51072
  -2.90216   0.95852  -2.77016    42.01421    43.06425    -1.05004
  -1.38005  -1.30809   2.62745    54.24798    55.62385    -1.37587
  -0.33873  -1.30809   2.38977    70.52671    72.38582    -1.85911
  -0.85939  -0.40628   2.38977    61.11530    62.09321    -0.97791
  -0.85939  -2.20991   2.38977    63.74135    65.13403    -1.39267
  -1.90071  -3.58926  -0.30660    54.73087    55.34490    -0.61403
  -1.64709  -3.16539  -1.26893    51.00708    52.90616    -1.89908
  -0.60056  -3.01492  -1.26893    64.64871    66.31866    -1.66995
  -2.42137  -1.30809  -1.93488    37.46501    36.28770     1.17731
  -1.90071  -2.20991  -1.93488    44.37787    46.02224    -1.64437
  -0.85939  -2.20991  -1.93488    58.45521    59.91320    -1.45799
  -1.53897   0.93822   1.73063    52.59973    49.61678     2.98295
  -1.80601   2.79551   0.82701    56.38770    56.23888     0.14881
  -2.05963   3.21938  -0.13532    59.81670    58.98308     0.83362
  -0.49765   0.93822  -2.83169    70.49922    70.60264    -0.10342
  -2.05963   1.84003  -2.83169    53.64391    54.53174    -0.88783
  -2.58029   0.93822  -2.83169    43.74879    45.00393    -1.25514
  -2.05963   0.03641  -2.83169    44.14768    45.50100    -1.35332
  -1.01831   0.03641  -2.83169    57.74725    58.72378    -0.97654
  -1.53897   0.93822  -3.06937    53.55667    55.12845    -1.57178
  -1.29663   0.70489   1.79202    56.08106    53.48213     2.59893
  -1.29663  -1.09873  -2.53263    51.32331    52.39383    -1.07052
  -0.77597  -0.19692  -2.77031    61.48343    61.90274    -0.41931
   0.80293   2.67421   2.91747    72.27974    73.29097    -1.01123
   0.80293   0.87059   2.91747    84.38273    84.34601     0.03672
   1.84425   0.87059   2.91747    96.78315    97.62032    -0.83717
   0.80293   4.05356   1.28919    70.31443    69.93526     0.37918
   3.43170   2.78761   0.22109   111.45143   114.77997    -3.32854
  -0.13527   3.60175   0.22109    72.11603    72.27090    -0.15488
   5.48516  -1.21023   1.25445   102.80951   104.11969    -1.31018
   5.06762  -3.03958   0.29213    89.95555    90.08878    -0.13323
   4.12942  -3.49139  -0.77597    88.76835    88.05163     0.71672
   5.06762  -3.03958  -0.77597    89.27039    88.61719     0.65320
   4.38825  -2.91706  -1.73830    90.05452    90.02517     0.02934
   4.12942  -0.30842  -2.40425   112.63875   112.88953    -0.25078
   0.18853  -1.12299  -2.85743    73.21772    73.83135    -0.61363
   5.18946   1.18546  -0.47883   122.52636   124.43145    -1.90510
  -5.04504   0.69709   2.12022    42.16732    42.91760    -0.75028
  -5.52504  -0.13429   2.12022    43.25522    43.27379    -0.01857
  -5.04504  -0.96568   2.12022    44.85131    44.60487     0.24644
  -5.07886   1.44709   1.41745    43.89724    43.93129    -0.03405
  -5.91025   0.84306   1.41745    43.67837    43.22624     0.45213
  -6.22781  -0.13429   1.41745    43.65213    42.84523     0.80691
  -5.91025  -1.11164   1.41745    44.41861    43.65782     0.76079
  -5.07886  -1.71568   1.41745    48.20134    46.91774     1.28359
  -5.52504   1.52848   0.45745    46.25756    45.30218     0.95538
  -6.22781   0.82571   0.45745    44.03922    43.17681     0.86241
  -6.48504  -0.13429   0.45745    43.21017    42.34287     0.86730
  -6.22781  -1.09429   0.45745    43.09336    42.51254     0.58083
  -5.52504  -1.79706   0.45745    44.39954    43.90541     0.49414
  -5.91025   0.84306  -0.50255    43.93155    43.38295     0.54860
  -6.22781  -0.13429  -0.50255    41.87799    41.77014     0.10785
  -5.91025  -1.11164  -0.50255    40.82675    41.26828    -0.44153
  -5.52504  -0.13429  -1.20532    39.52163    40.38054    -0.85891
  -3.21245  -2.14563   2.90761    47.82896    48.63387    -0.80490
  -4.17245  -2.14563   2.65038    46.55979    46.64613    -0.08634
  -3.69245  -2.97701   2.65038    48.83003    48.63147     0.19856
  -2.73245  -2.97701   2.65038    51.98468    52.16172    -0.17704
  -4.87522  -2.14563   1.94761    46.82200    46.16685     0.65515
  -4.55766  -3.12298   1.94761    47.36633    46.65861     0.70772
  -3.72627  -3.72702   1.94761    49.68042    48.95427     0.72615
  -2.69862  -3.72702   1.94761    53.78795    53.24997     0.53798
  -1.86724  -3.12298   1.94761    59.92255    59.24341     0.67914
  -5.13245  -2.14563   0.98761    46.94240    45.99944     0.94296
  -4.87522  -3.10563   0.98761    45.95588    45.49938     0.45650
  -4.17245  -3.80840   0.98761    47.56081    47.13582     0.42499
  -3.21245  -4.06563   0.98761    50.87914    50.51134     0.36780
  -2.25245  -3.80840   0.98761    57.16876    56.45072     0.71804
  -4.55766  -3.12298   0.02761    43.76704    44.22474    -0.45769
  -3.72627  -3.72702   0.02761    46.24670    46.83959    -0.59289
  -2.69862  -3.72702   0.02761    51.01466    51.37778    -0.36312
  -3.97471   2.66909   1.06014    45.82878    46.22260    -0.39382
  -2.98089   3.41909   0.35738    51.96191    52.06976    -0.10785
  -4.00853   3.41909   0.35738    48.62747    48.44282     0.18465
  -4.83992   2.81506   0.35738    46.85573    46.33898     0.51675
  -5.15748   1.83771   0.35738    47.79316    46.60501     1.18815
  -2.53471   3.50048  -0.60262    57.77084    56.81256     0.95828
  -3.49471   3.75771  -0.60262    52.07346    51.31245     0.76101
  -4.45471   3.50048  -0.60262    48.86504    47.92104     0.94401
  -5.15748   2.79771  -0.60262    46.93574    46.02675     0.90900
  -5.41471   1.83771  -0.60262    46.43841    45.52215     0.91626
  -2.98089   3.41909  -1.56262    55.28140    54.25069     1.03071
  -4.00853   3.41909  -1.56262    50.15650    49.26660     0.88989
  -4.83992   2.81506  -1.56262    46.98469    46.30957     0.67512
  -5.15748   1.83771  -1.56262    44.52771    44.37549     0.15222
  -3.01471   2.66909  -2.26539    52.94602    52.54640     0.39961
  -3.97471   2.66909  -2.26539    48.10999    48.03222     0.07777
  -4.45471   1.83771  -2.26539    43.97814    44.58019    -0.60205
  -0.79608  -2.19409   2.38377    64.45270    65.91196    -1.45926
   0.16392  -2.19409   2.12654    78.40968    79.80892    -1.39924
  -1.27608  -3.02548   2.12654    62.21943    62.15859     0.06084
  -0.31608  -3.02548   2.12654    69.46851    69.76215    -0.29364
   0.86669  -2.19409   1.42377    94.98373    96.30843    -1.32469
  -1.30990  -3.77548   1.42377    62.37170    61.60094     0.77075
  -0.28225  -3.77548   1.42377    69.00918    68.32800     0.68119
   0.54913  -3.17144   1.42377    80.44073    80.34995     0.09077
  -1.75608  -3.85686   0.46377    58.99408    58.55876     0.43532
  -0.79608  -4.11409   0.46377    64.13529    63.64918     0.48611
   0.16392  -3.85686   0.46377    73.42470    72.81659     0.60811
   0.86669  -3.15409   0.46377    87.46937    87.49299    -0.02362
  -1.30990  -3.77548  -0.49623    58.43523    59.34474    -0.90951
  -0.28225  -3.77548  -0.49623    68.34924    68.65014    -0.30089
   0.54913  -3.17144  -0.49623    83.72697    83.57508     0.15189
  -0.31608  -3.02548  -1.19900    69.36921    70.55369    -1.18448
  -0.56541   3.38770  -0.17346    71.99826    72.18099    -0.18273
  -1.59306   3.38770  -0.17346    62.74431    62.33134     0.41297
  -0.11924   3.46908  -1.13346    76.78114    75.84937     0.93177
  -1.07924   3.72631  -1.13346    66.55570    65.48208     1.07362
  -2.03924   3.46908  -1.13346    61.66352    60.28139     1.38213
   0.26597   2.78366  -2.09346    82.26449    80.74370     1.52078
  -0.56541   3.38770  -2.09346    70.18438    68.73180     1.45257
  -1.59306   3.38770  -2.09346    62.39734    61.18020     1.21715
  -2.42445   2.78366  -2.09346    58.35642    57.22974     1.12668
  -0.11924   1.80631  -2.79623    76.61944    75.88292     0.73652
  -0.59924   2.63769  -2.79623    68.87483    68.06328     0.81155
  -1.55924   2.63769  -2.79623    60.37126    60.11349     0.25777
  -1.07924   1.80631  -3.05346    62.44530    63.14493    -0.69963
   3.10520   3.34959  -0.14258    96.53607    98.77855    -2.24248
   2.40244   4.05236  -0.14258    81.73516    82.79413    -1.05897
   1.44243   4.30959  -0.14258    74.85219    75.08853    -0.23634
   0.48243   4.05236  -0.14258    72.77255    72.80661    -0.03406
   2.78764   3.36694  -1.10258    94.43940    94.85257    -0.41316
   1.95626   3.97098  -1.10258    81.31089    81.07920     0.23169
   0.92861   3.97098  -1.10258    76.76468    76.22460     0.54008
   0.09723   3.36694  -1.10258    79.96183    79.09860     0.86323
   2.40244   2.38959  -1.80535   109.94908   108.79838     1.15071
   1.92243   3.22098  -1.80535    89.66795    88.78983     0.87812
   0.96243   3.22098  -1.80535    84.15552    83.01817     1.13735
   1.44243   2.38959  -2.06258    97.21304    95.80912     1.40393
   0.30646   1.88624   3.04802    71.91694    72.16567    -0.24872
  -0.17354   2.71763   2.79079    66.16883    65.76597     0.40287
  -0.65354   1.88624   2.79079    65.26756    64.13843     1.12913
  -0.17354   1.05486   2.79079    72.49458    71.72485     0.76973
  -0.20737   3.46763   2.08802    65.63786    65.02619     0.61167
  -1.03875   2.86359   2.08802    62.38515    61.03704     1.34811
  -1.35631   1.88624   2.08802    59.83436    58.08894     1.74543
  -1.03875   0.90889   2.08802    62.47455    60.61936     1.85519
  -0.20737   0.30485   2.08802    78.85429    77.65471     1.19958
  -0.65354   3.54901   1.12802    65.70516    65.07065     0.63450
  -1.35631   2.84624   1.12802    61.72408    60.92963     0.79445
   2.01356   2.16904   3.42970    79.33731    79.84269    -0.50537
   2.97356   2.16904   3.17247    87.70346    87.54994     0.15352
   2.49356   3.00042   3.17247    77.53937    77.50987     0.02950
   1.53356   3.00042   3.17247    72.62710    73.23403    -0.60693
   1.05356   2.16904   3.17247    75.12796    76.23204    -1.10408
   1.53356   1.33765   3.17247    85.24607    86.11122    -0.86515
   2.49356   1.33765   3.17247    93.27987    93.73195    -0.45208
   3.67633   2.16904   2.46970   101.42321   101.02636     0.39685
   3.35877   3.14639   2.46970    85.11750    85.07196     0.04553
   2.52739   3.75043   2.46970    75.69261    75.86044    -0.16783
   1.49974   3.75043   2.46970    71.25553    71.63952    -0.38399
   3.67633   3.12904   1.50970    94.33113    95.40885    -1.07772
   2.97356   3.83181   1.50970    81.44509    82.45062    -1.00553
   2.01356   4.08904   1.50970    75.15376    75.78488    -0.63112
   3.35877   3.14639   0.54970    99.86593   102.65304    -2.78711
   2.06659  -3.31643  -1.04545    91.36481    90.94661     0.41820
   3.02659  -3.57366  -1.04545    88.79509    88.61113     0.18396
   2.51277  -3.23505  -2.00545    87.08574    85.88540     1.20033
   3.54042  -3.23505  -2.00545    86.49206    85.98209     0.50997
   3.98659  -1.65366  -2.70822    94.23139    95.42113    -1.18974
   3.50659  -0.82228  -2.70822   104.77433   105.41143    -0.63710
   2.54659  -0.82228  -2.70822   104.76372   105.06939    -0.30567
   2.06659  -1.65366  -2.70822    95.57648    95.09747     0.47901
   2.54659  -2.48505  -2.70822    88.69497    87.52123     1.17374
   3.50659  -2.48505  -2.70822    87.83988    87.64264     0.19724
   3.02659  -1.65366  -2.96545    93.02420    92.88236     0.14185
   5.61330  -1.12289   1.12122   102.62081   103.76379    -1.14298
   6.31607  -1.12289   0.41845    92.98691    92.72257     0.26435
   5.99851  -0.14554   0.41845   105.54657   105.28579     0.26078
   5.99851  -2.10024   0.41845    89.43313    89.81446    -0.38133
   6.57331  -1.12289  -0.54155    89.00477    87.63698     1.36779
   6.31607  -0.16289  -0.54155    97.38388    96.35798     1.02590
   5.61330   0.53988  -0.54155   114.90203   115.09070    -0.18867
   5.61330  -2.78566  -0.54155    87.24705    86.80856     0.43849
   6.31607  -2.08289  -0.54155    85.77233    84.80728     0.96505
   6.31607  -1.12289  -1.50155    88.41970    86.98709     1.43261
   5.99851  -0.14554  -1.50155    97.18350    96.19341     0.99009
   5.16713   0.45850  -1.50155   116.63115   116.48388     0.14727
   5.16713  -2.70427  -1.50155    88.45281    88.18122     0.27159
   5.99851  -2.10024  -1.50155    85.55900    84.59200     0.96700
   5.61331  -1.12289  -2.20432    90.94670    90.57418     0.37251
   5.13330  -0.29150  -2.20432   102.26603   102.26684    -0.00081
   5.13330  -1.95427  -2.20432    89.70811    90.18327    -0.47516
   4.65330  -1.12289  -2.46155    98.16618    99.52364    -1.35746
   3.52064  -1.81625   2.57978    98.91920    97.88047     1.03873
   4.48064  -1.81625   2.32254    96.55095    96.11054     0.44040
   4.00064  -0.98486   2.32254   113.08467   112.15814     0.92654
   3.04064  -0.98486   2.32254   117.84647   117.26161     0.58486
   2.56064  -1.81625   2.32254   104.11850   103.61736     0.50114
   3.04064  -2.64763   2.32254    92.32057    91.11587     1.20471
   4.00064  -2.64763   2.32254    89.76257    88.59022     1.17235
   5.18341  -1.81625   1.61978    96.70278    97.79555    -1.09277
   2.17543  -2.79360   1.61978    95.45482    95.48497    -0.03014
   3.00682  -3.39763   1.61978    87.95738    87.06588     0.89150
   4.03447  -3.39763   1.61978    85.80225    84.80912     0.99314
   4.86585  -2.79360   1.61978    88.16495    88.08294     0.08201
   1.85787  -2.77625   0.65978   100.19580   101.79874    -1.60295
   2.56064  -3.47902   0.65978    90.71925    91.22213    -0.50288
   3.52064  -3.73625   0.65978    86.83653    86.50786     0.32867
   4.48064  -3.47902   0.65978    87.02412    86.68007     0.34404
   2.53837   0.39771  -2.54824   116.96754   116.04813     0.91941
   2.22081   1.37506  -2.54824   108.93643   107.28411     1.65231
   1.38943   1.97910  -2.54824    94.01108    92.42294     1.58814
   0.36178   1.97910  -2.54824    84.56399    83.04204     1.52195
   2.22081  -0.57964  -2.54824   108.05535   109.04711    -0.99175
   1.83560   0.39771  -3.25100    91.51619    91.10346     0.41274
   1.35560   1.22909  -3.25100    86.45414    85.12335     1.33079
   0.39560   1.22909  -3.25100    77.53738    76.43102     1.10635
  -0.08440   0.39771  -3.25100    71.15801    70.86968     0.28833
   0.39560  -0.43367  -3.25100    74.56666    75.00490    -0.43824
   1.35560  -0.43367  -3.25100    84.90068    85.71290    -0.81222
   0.87560   0.39771  -3.50824    78.78206    78.26897     0.51310
   1.53095  -2.81305  -0.02097    98.99991   100.00184    -1.00193
   1.01713  -3.15166  -0.98097    86.20792    85.52495     0.68297
  -0.32808  -2.20901  -1.94097    68.18070    68.65040    -0.46970
   0.50330  -2.81305  -1.94097    76.89309    76.35368     0.53941
   1.53095  -2.81305  -1.94097    89.41202    87.73958     1.67243
   1.97713  -1.23166  -2.64374    99.25203    99.78048    -0.52845
   0.53713  -2.06305  -2.64374    75.78570    75.86883    -0.08313
   1.49713  -2.06305  -2.64374    87.44499    86.87876     0.56623
   1.01713  -1.23166  -2.90097    82.93283    84.19628    -1.26345
   1.47480  -0.29682   3.28119    88.52011    88.52347    -0.00336
   2.43480  -0.29682   3.02396   101.13288   101.41246    -0.27958
   1.95480   0.53456   3.02396    97.22840    97.98001    -0.75161
   0.99480   0.53456   3.02396    86.87727    86.97280    -0.09553
   0.51480  -0.29682   3.02396    81.63703    81.55861     0.07842
   0.99480  -1.12821   3.02396    85.26497    85.13457     0.13040
   1.95480  -1.12821   3.02396    93.76253    93.59827     0.16426
  -0.18797  -0.29682   2.32119    76.33655    76.77460    -0.43805
   0.12959  -1.27417   2.32119    80.60104    81.88444    -1.28340
   0.96098  -1.87821   2.32119    89.09156    89.64596    -0.55440
   1.98863  -1.87821   2.32119    99.39846    99.47589    -0.07743
   1.47480  -2.21682   1.36119   101.92999   103.43415    -1.50416
   3.64232   0.57017   2.73383   113.88988   112.74701     1.14287
   4.60232   0.57017   2.47660   111.56168   109.78116     1.78052
   4.12232   1.40155   2.47660   111.56808   110.20270     1.36538
   3.16232  -0.26122   2.47660   121.37195   120.95386     0.41809
   4.12232  -0.26122   2.47660   116.04475   114.63551     1.40924
   5.30509   0.57017   1.77383   112.39170   111.01949     1.37222
   4.98752   1.54752   1.77383   110.88714   109.85870     1.02845
   4.15614   2.15156   1.77383   112.91065   112.78867     0.12197
   4.98752  -0.40718   1.77383   117.19330   116.22700     0.96631
   5.56232   0.57017   0.81383   117.13892   116.90829     0.23064
   5.30509   1.53017   0.81383   114.37600   114.82248    -0.44648
   4.60232   2.23294   0.81383   115.17196   116.67217    -1.50021
   4.89631   1.71572  -0.77312   119.16129   121.05261    -1.89132
   4.19354   2.41849  -0.77312   115.91121   117.65632    -1.74511
   3.23354   2.67572  -0.77312   116.42151   117.93604    -1.51453
   4.89631   0.75572  -1.73312   117.79169   117.53554     0.25615
   4.57875   1.73307  -1.73312   112.77072   112.47628     0.29444
   3.74736   2.33711  -1.73312   111.78184   111.14423     0.63762
   2.71971   2.33711  -1.73312   114.89939   113.76225     1.13714
   4.19354   0.75572  -2.43589   113.75799   112.52674     1.23125
   3.71354   1.58710  -2.43589   111.28547   109.62124     1.66423
   2.75354   1.58710  -2.43589   113.49554   111.60909     1.88645
   2.75354  -0.07566  -2.43589   120.20161   119.60761     0.59400
   3.71354  -0.07566  -2.43589   118.62001   117.93144     0.68857
   3.23354   0.75572  -2.69312   113.70812   112.11736     1.59076
  -3.50479  -0.15106   2.92670    40.60665    41.19353    -0.58687
  -2.98817   0.74376   2.72117    41.42327    41.57550    -0.15223
  -4.02141   0.74376   2.72117    39.81022    40.51728    -0.70707
  -4.53804  -0.15106   2.72117    40.81747    41.46977    -0.65229
  -1.89868   0.88113   2.13589    48.32891    46.53330     1.79561
  -3.77650   1.73870   2.13589    40.87050    41.26555    -0.39506
  -4.75504   1.29181   2.13589    40.90954    41.52156    -0.61201
  -5.06007  -2.10132  -0.80655    38.13747    38.74899    -0.61152
  -5.33665   0.38682  -1.68249    38.57254    39.03230    -0.45976
  -5.33665  -0.68894  -1.68249    36.15233    37.10795    -0.95562
  -4.75504  -1.59393  -1.68249    34.98740    35.86670    -0.87931
  -4.53804  -0.15106  -2.26778    35.20447    35.93605    -0.73159
  -4.02141  -1.04588  -2.26778    34.16010    34.69015    -0.53004
  -2.98817  -1.04588  -2.26778    35.85251    35.31562     0.53688
  -2.74325  -1.28324   3.22477    45.34376    46.12374    -0.77998
  -1.71000  -1.28324   3.01924    51.22433    52.18514    -0.96082
  -2.22663  -0.38842   3.01924    45.99158    46.40558    -0.41400
  -3.25987  -0.38842   3.01924    41.51019    42.07257    -0.56238
  -3.77650  -1.28324   3.01924    43.18782    43.75452    -0.56669
  -2.22663  -2.17805   3.01924    50.44569    51.22758    -0.78189
  -1.95014   0.45342   2.43395    47.34905    46.33966     1.00939
  -4.99069  -2.36555  -0.50848    39.63108    40.06273    -0.43165
  -3.29832  -3.71517  -0.50848    44.69691    45.57991    -0.88300
  -3.99350  -2.72611  -1.38442    37.55245    38.41677    -0.86432
  -3.01496  -3.17299  -1.38442    41.36635    42.44979    -1.08344
  -3.25987  -2.17805  -1.96971    36.84614    37.49317    -0.64703
  -2.74325  -1.28324  -2.17523    36.94560    36.38401     0.56159
  -1.86892   0.95852   2.12431    48.96725    47.21245     1.75480
  -2.38554   1.85334   2.12431    46.63511    46.21733     0.41778
  -3.41878   1.85334   2.12431    41.60012    41.87080    -0.27068
  -2.10906   2.69518   1.53903    51.65625    51.45258     0.20368
  -3.17387   2.84828   1.53903    45.69726    46.01241    -0.31515
  -4.15241   2.40139   1.53903    43.03016    43.27400    -0.24384
  -2.34709   3.39045   0.66308    53.14674    53.15892    -0.01218
  -5.39664   0.95852  -1.40341    41.52569    41.49514     0.03055
  -4.73401   0.42064  -2.27935    37.07844    37.72194    -0.64350
  -3.41878   1.85334  -2.86464    44.85998    45.49088    -0.63091
  -3.93541   0.95852  -2.86464    39.42666    40.21849    -0.79183
  -3.41878   0.06370  -2.86464    37.44841    38.09753    -0.64912
  -2.90216   0.95852  -3.07016    42.70578    43.69269    -0.98691
  -1.38005  -1.30809   2.92745    54.30835    55.42120    -1.11286
  -0.34680  -1.30809   2.72192    68.25644    69.56156    -1.30512
  -0.86343  -0.41328   2.72192    60.87195    61.59708    -0.72513
  -0.86343  -2.20291   2.72192    61.39235    62.49670    -1.10435
  -1.93512  -3.74003  -0.80580    50.99981    52.03287    -1.03307
  -1.65175  -3.19785  -1.68174    49.77351    51.29344    -1.51992
  -0.58694  -3.04475  -1.68174    62.03585    63.22514    -1.18929
  -2.41329  -1.30809  -2.26703    39.35442    39.22778     0.12663
  -1.89667  -2.20291  -2.26703    45.28985    46.56249    -1.27263
  -0.86343  -2.20291  -2.26703    57.53390    58.67280    -1.13891
  -1.53897   0.93822   2.03063    53.50101    51.48481     2.01620
  -0.50573   0.93822  -3.16384    66.92069    67.15382    -0.23313
  -2.05559   1.83304  -3.16384    52.01263    52.79714    -0.78451
  -2.57222   0.93822  -3.16384    44.53116    45.62483    -1.09367
  -2.05559   0.04340  -3.16384    45.55094    46.68260    -1.13166
  -1.02235   0.04340  -3.16384    57.07597    57.93318    -0.85722
  -1.53897   0.93822  -3.36937    52.97338    54.11082    -1.13743
  -1.29259   0.69789   2.12417    56.75544    55.11692     1.63852
  -1.29259  -1.09174  -2.86478    51.83900    52.73093    -0.89193
  -0.77597  -0.19692  -3.07031    60.32286    60.89755    -0.57469
   0.80697   2.66722   3.24961    69.00309    69.76731    -0.76422
   0.80697   0.87758   3.24961    79.08183    79.30323    -0.22139
   1.84021   0.87758   3.24961    89.28782    89.97643    -0.68861
   0.76852   4.20433   1.78839    66.07548    66.03727     0.03820
   2.35683   4.26688   0.75514    75.90998    77.02245    -1.11247
   1.32359   4.47240   0.75514    69.72593    69.98701    -0.26108
   0.29034   4.26688   0.75514    66.60557    66.48254     0.12302
   3.57103   2.85471  -0.27811   109.48542   111.98800    -2.50258
   5.51795  -1.21023   1.66727    96.76149    97.40848    -0.64699
   2.57552  -3.70470  -0.24192    86.84898    87.44210    -0.59311
   3.60876  -3.91023  -0.24192    83.28192    83.19229     0.08963
   4.64201  -3.70470  -0.24192    81.92739    81.54842     0.37897
   5.51795  -3.11942  -0.24192    83.00115    82.84104     0.16011
   4.16384  -3.64216  -1.27517    82.30964    81.92857     0.38108
   5.16404  -3.16049  -1.27517    82.56428    82.22445     0.33983
   4.40187  -2.94689  -2.15111    83.95686    84.13013    -0.17327
   4.64201  -1.21023  -2.73640    91.78110    92.76842    -0.98733
   4.12539  -0.31541  -2.73640   102.91743   103.12271    -0.20527
   0.19257  -1.11599  -3.18958    69.71797    70.32793    -0.60996
   1.22581  -1.11599  -3.18958    81.15929    82.14382    -0.98452
   3.59798  -0.72457   2.54970   112.60628   111.79901     0.80727
   5.57583   1.20349   0.05522   111.68401   112.68969    -1.00569
   4.99054   2.07944   0.05522   111.71534   113.72199    -2.00665
   4.11460   2.66472   0.05522   110.98760   113.61341    -2.62581
   5.32880   1.25256  -0.97802   111.87662   112.79827    -0.92165
  -5.10504   0.80102   2.32807    40.91202    41.50139    -0.58937
  -5.64504  -0.13429   2.32807    41.42576    41.48590    -0.06014
  -5.10504  -1.06960   2.32807    43.36956    43.24426     0.12530
  -5.79003   1.27942   1.53745    41.90166    41.74260     0.15905
  -6.35988   0.39272   1.53745    41.28605    40.81907     0.46697
  -6.35988  -0.66131   1.53745    41.49006    40.94111     0.54894
  -5.79003  -1.54801   1.53745    43.22519    42.66213     0.56306
  -6.18182   1.29805   0.45745    42.52629    41.91177     0.61452
  -6.66227   0.38263   0.45745    41.07256    40.45899     0.61357
  -6.66227  -0.65121   0.45745    40.66155    40.16041     0.50114
  -6.18182  -1.56664   0.45745    41.26203    40.96277     0.29925
  -5.33099  -2.15393   0.45745    43.97649    43.55350     0.42299
  -5.79003   1.27942  -0.62255    43.67158    43.07074     0.60084
  -6.35988   0.39272  -0.62255    40.57072    40.39283     0.17789
  -6.35988  -0.66131  -0.62255    39.38445    39.54703    -0.16258
  -5.79003  -1.54801  -0.62255    39.08200    39.60418    -0.52218
  -3.21245  -2.14563   3.14761    46.51006    47.17731    -0.66725
  -4.29245  -2.14563   2.85822    44.62297    44.73928    -0.11631
  -3.75245  -3.08094   2.85822    46.61026    46.53378     0.07648
  -2.67245  -3.08094   2.85822    50.39233    50.59519    -0.20286
  -5.00729  -1.61862   2.06761    45.33001    44.81003     0.51997
  -5.00729  -2.67264   2.06761    44.41821    43.97796     0.44025
  -4.43744  -3.55935   2.06761    45.42358    44.94086     0.48272
  -3.47866  -3.99720   2.06761    48.16213    47.72831     0.43382
  -2.43537  -3.84720   2.06761    52.99991    52.65597     0.34394
  -5.30968  -2.66255   0.98761    43.76701    43.35918     0.40783
  -4.82923  -3.57797   0.98761    43.91747    43.66100     0.25648
  -3.97839  -4.16526   0.98761    45.97301    45.75140     0.22161
  -2.95209  -4.28988   0.98761    49.95810    49.73944     0.21866
  -1.98543  -3.92327   0.98761    57.49180    56.87757     0.61423
  -5.00729  -2.67264  -0.09239    41.61142    41.85110    -0.23968
  -4.43744  -3.55935  -0.09239    42.58613    43.06905    -0.48292
  -3.47866  -3.99720  -0.09239    45.60292    46.13720    -0.53428
  -2.71763   3.53928   0.47738    51.89040    51.93003    -0.03963
  -3.76093   3.68928   0.47738    47.55344    47.49140     0.06204
  -4.71970   3.25142   0.47738    45.11100    44.81954     0.29146
  -5.28955   2.36472   0.47738    44.70503    44.14957     0.55546
  -2.26769   3.61535  -0.60262    58.16607    57.31487     0.85119
  -3.23435   3.98196  -0.60262    51.14927    50.58250     0.56677
  -4.26066   3.85734  -0.60262    47.20717    46.55932     0.64785
  -5.11149   3.27005  -0.60262    44.94711    44.26841     0.67870
  -5.59194   2.35463  -0.60262    44.04034    43.40436     0.63598
  -2.71763   3.53928  -1.68262    55.09196    54.17334     0.91862
  -3.76093   3.68928  -1.68262    48.96420    48.30348     0.66072
  -4.71970   3.25142  -1.68262    45.47783    44.92054     0.55729
  -5.28955   2.36472  -1.68262    43.28051    43.02038     0.26013
  -5.28955   1.31069  -1.68262    41.61289    41.71049    -0.09760
  -2.95471   2.77302  -2.47324    51.60153    51.34329     0.25824
  -4.03471   2.77302  -2.47324    46.12278    46.10029     0.02250
  -4.57471   1.83771  -2.47324    42.31510    42.81878    -0.50367
   0.28392  -2.19409   2.33438    77.37755    78.49498    -1.11743
  -1.33608  -3.12940   2.33438    59.63961    59.71020    -0.07059
  -0.25608  -3.12940   2.33438    66.98158    67.30307    -0.32150
  -1.06229  -4.04567   1.54377    60.58647    60.11558     0.47089
  -0.01899  -3.89566   1.54377    67.79172    67.43101     0.36071
   0.77759  -3.20542   1.54377    79.84754    80.01886    -0.17132
  -1.56202  -4.21373   0.46377    57.20769    57.02004     0.18765
  -0.53572  -4.33834   0.46377    62.84241    62.53668     0.30573
   0.43094  -3.97174   0.46377    72.58663    72.29042     0.29621
   1.11651  -3.19790   0.46377    87.78879    88.16181    -0.37302
  -1.06229  -4.04567  -0.61623    58.22845    58.90017    -0.67172
  -0.01899  -3.89566  -0.61623    68.21122    68.43784    -0.22662
  -1.34545   3.65788  -0.05346    62.35867    62.15316     0.20550
  -0.81888   3.95056  -1.13346    65.47258    64.70685     0.76573
  -1.84518   3.82595  -1.13346    59.63351    58.70900     0.92451
   0.49442   2.81764  -2.21346    81.69365    80.44342     1.25023
  -0.30216   3.50788  -2.21346    69.08537    67.98815     1.09722
  -1.34545   3.65788  -2.21346    60.93705    59.97638     0.96068
  -2.30423   3.22003  -2.21346    56.64722    55.83039     0.81683
   0.00076   1.80631  -3.00407    74.78494    74.07768     0.70726
  -0.53924   2.74162  -3.00407    66.08795    65.47036     0.61759
  -1.61924   2.74162  -3.00407    57.59309    57.42513     0.16795
  -1.07924   1.80631  -3.29346    60.23663    60.77064    -0.53401
   3.35502   3.39339  -0.14258    94.91364    96.93522    -2.02158
   2.66945   4.16724  -0.14258    79.61103    80.69104    -1.08002
   1.70279   4.53384  -0.14258    72.13399    72.51237    -0.37838
   0.67649   4.40923  -0.14258    69.27325    69.31632    -0.04307
   3.01610   3.40092  -1.22258    92.27083    92.72013    -0.44930
   2.21952   4.09116  -1.22258    78.68697    78.68645     0.00052
   1.17622   4.24117  -1.22258    73.18395    72.84296     0.34099
   0.21744   3.80331  -1.22258    73.84061    73.24252     0.59808
   2.52244   2.38959  -2.01320   106.12107   105.01723     1.10384
   1.98243   3.32490  -2.01320    85.26944    84.59695     0.67249
   0.90243   3.32490  -2.01320    79.92006    78.97313     0.94694
   1.44243   2.38959  -2.30258    93.06153    91.79508     1.26644
   0.30646   1.88624   3.28802    69.23765    69.52093    -0.28327
  -0.23354   2.82155   2.99863    63.08389    62.86247     0.22142
  -0.77354   1.88624   2.99863    61.95608    61.18778     0.76830
  -0.23354   0.95093   2.99863    69.56337    69.09698     0.46639
   0.04024   3.73782   2.20802    63.99324    63.77255     0.22069
  -0.91853   3.29996   2.20802    60.11914    59.37179     0.74735
  -1.48838   2.41325   2.20802    57.31592    56.24232     1.07360
  -1.48838   1.35923   2.20802    56.03786    54.51992     1.51794
  -0.45949   3.90588   1.12802    63.94337    63.59090     0.35247
  -1.31033   3.31859   1.12802    60.46479    59.98157     0.48321
   2.01356   2.16904   3.66970    75.37654    75.83173    -0.45520
   3.09356   2.16904   3.38031    83.34208    83.29092     0.05115
   2.55356   3.10435   3.38031    73.30609    73.40404    -0.09795
   1.47356   3.10435   3.38031    68.86221    69.38786    -0.52565
   2.55356   1.23373   3.38031    89.33725    89.70366    -0.36641
   3.88418   2.16904   2.58970    97.04451    96.70479     0.33971
   3.58722   3.18037   2.58970    81.84386    81.92636    -0.08250
   2.79064   3.87061   2.58970    72.81516    73.05210    -0.23694
   1.74735   4.02061   2.58970    68.22694    68.57103    -0.34410
   3.92615   3.17284   1.50970    91.62236    92.61179    -0.98943
   3.24058   3.94668   1.50970    78.93364    79.87838    -0.94475
   2.27392   4.31329   1.50970    72.45472    73.16229    -0.70757
   2.26064  -3.67330  -1.04545    84.51412    84.36336     0.15076
   3.28695  -3.79792  -1.04545    83.67333    83.49791     0.17542
   1.80160  -3.06738  -2.12545    84.49265    83.31288     1.17978
   2.76037  -3.50524  -2.12545    80.81084    80.11406     0.69678
   3.80367  -3.35524  -2.12545    81.54394    81.29697     0.24697
   4.10659  -1.65366  -2.91607    89.08549    89.97415    -0.88866
   3.56659  -0.71836  -2.91607    99.62990   100.05511    -0.42521
   2.48659  -0.71836  -2.91607    99.40543    99.80203    -0.39660
   1.94659  -1.65366  -2.91607    89.65866    89.58283     0.07583
   2.48659  -2.58897  -2.91607    82.92123    82.16028     0.76094
   3.56659  -2.58897  -2.91607    82.40271    82.32176     0.08095
   3.02659  -1.65366  -3.20545    87.50599    87.49614     0.00984
   6.52392  -1.12289   0.53845    87.44517    87.28855     0.15662
   6.22697  -0.11156   0.53845    98.21949    98.02536     0.19413
   6.22697  -2.13422   0.53845    84.12239    84.38192    -0.25953
   6.81330  -1.12289  -0.54155    83.24087    82.29451     0.94637
   6.56589  -0.11908  -0.54155    90.63292    89.91248     0.72044
   5.88033   0.65476  -0.54155   105.47922   105.61567    -0.13645
   5.88033  -2.90053  -0.54155    81.23346    80.90466     0.32880
   6.56589  -2.12669  -0.54155    80.28786    79.59181     0.69605
   6.52392  -1.12289  -1.62155    82.65714    81.66223     0.99491
   6.22697  -0.11156  -1.62155    90.22990    89.51003     0.71988
   5.43039   0.57869  -1.62155   106.14596   106.02170     0.12426
   5.43039  -2.82446  -1.62155    81.98794    81.74582     0.24212
   6.22697  -2.13422  -1.62155    80.03354    79.31905     0.71449
   5.73331  -1.12289  -2.41217    85.41259    85.18699     0.22560
   5.19330  -0.18758  -2.41217    96.76797    96.74815     0.01982
   5.19330  -2.05819  -2.41217    84.42362    84.80423    -0.38061
   3.52064  -1.81625   2.81978    93.26230    92.53421     0.72809
   4.60064  -1.81625   2.53039    91.05606    90.72701     0.32904
   4.06064  -0.88094   2.53039   107.69022   106.88221     0.80802
   2.98064  -2.75155   2.53039    86.67836    85.87966     0.79870
   4.06064  -2.75155   2.53039    84.12869    83.32350     0.80519
   5.39126  -1.81625   1.73978    91.55544    92.33716    -0.78172
   2.29565  -3.22996   1.73978    86.67663    86.51415     0.16248
   3.25443  -3.66782   1.73978    81.41154    80.74080     0.67074
   4.29772  -3.51782   1.73978    80.39056    79.78762     0.60294
   5.09430  -2.82758   1.73978    83.29798    83.36515    -0.06717
   1.90386  -3.24859   0.65978    91.13760    92.05005    -0.91244
   2.75469  -3.83588   0.65978    83.87296    84.06044    -0.18748
   3.78100  -3.96050   0.65978    81.20312    80.92667     0.27645
   4.74766  -3.59389   0.65978    82.04592    81.88088     0.16504
   1.65268   2.09928  -2.66824    92.09201    90.82304     1.26897
   0.60939   2.24929  -2.66824    82.37765    81.12753     1.25012
   1.95560   0.39771  -3.45885    87.43909    87.12701     0.31207
   1.41560   1.33302  -3.45885    82.05838    81.07927     0.97912
   0.33560   1.33302  -3.45885    73.25969    72.53580     0.72389
  -0.20440   0.39771  -3.45885    67.08300    67.08116     0.00184
   0.33560  -0.53760  -3.45885    70.77456    71.21384    -0.43929
   1.41560  -0.53760  -3.45885    81.21853    81.84286    -0.62433
   0.87560   0.39771  -3.74824    74.63080    74.33428     0.29652
   1.27748  -3.37591  -0.98097    84.29480    83.86647     0.42833
  -0.20787  -2.64538  -2.06097    66.95839    67.44873    -0.49034
   0.75091  -3.08324  -2.06097    75.21458    74.72555     0.48902
   0.47713  -2.16697  -2.85159    71.68491    71.87014    -0.18523
   1.55713  -2.16697  -2.85159    83.04078    82.64425     0.39653
   1.47480  -0.29682   3.52119    83.24842    83.34340    -0.09498
   2.55480  -0.29682   3.23181    95.85902    96.02320    -0.16417
   2.01480   0.63849   3.23181    92.20794    92.84191    -0.63397
   0.93480   0.63849   3.23181    81.83916    82.03924    -0.20008
   0.39480  -0.29682   3.23181    76.43501    76.51185    -0.07684
   0.93480  -1.23213   3.23181    79.97794    80.04949    -0.07154
   2.01480  -1.23213   3.23181    88.39628    88.32277     0.07351
  -0.32004   0.23019   2.44119    73.15619    72.77943     0.37676
   0.24981  -1.71054   2.44119    78.80093    79.99352    -1.19259
   1.20859  -2.14840   2.44119    86.42753    86.86851    -0.44098
   2.25188  -1.99839   2.44119    96.81971    96.66995     0.14976
   3.64232   0.57017   2.97383   104.99761   104.22396     0.77365
   4.72232   0.57017   2.68445   102.53872   101.26093     1.27779
   4.18232   1.50548   2.68445   102.57066   101.63757     0.93310
   4.18232  -0.36514   2.68445   107.23900   106.21331     1.02569
   5.51293   0.57017   1.89383   103.39076   102.43478     0.95598
   5.21598   1.58150   1.89383   101.85110   101.14156     0.70954
   4.41940   2.27174   1.89383   103.27462   103.19870     0.07591
   5.21598  -0.44116   1.89383   107.75749   107.16260     0.59489
   5.80232   0.57017   0.81383   108.29772   108.15852     0.13919
   5.55490   1.57397   0.81383   105.52574   105.90044    -0.37471
   4.86934   2.34781   0.81383   105.96727   107.12020    -1.15292
   5.14612   1.75952  -0.77312   110.67715   112.11073    -1.43358
   4.46056   2.53337  -0.77312   107.36472   108.85086    -1.48614
   3.49390   2.89997  -0.77312   107.19292   108.66764    -1.47472
   5.10415   0.75572  -1.85312   109.01993   108.83193     0.18800
   4.80720   1.76705  -1.85312   104.13488   104.00347     0.13140
   4.01062   2.45729  -1.85312   102.77676   102.45460     0.32216
   2.96732   2.60729  -1.85312   104.87057   104.19114     0.67944
   4.31354   0.75572  -2.64374   104.86349   104.01228     0.85120
   3.77354   1.69103  -2.64374   102.31087   101.10540     1.20547
   2.69354   1.69103  -2.64374   104.70807   103.24462     1.46345
   2.69354  -0.17959  -2.64374   111.68525   111.54961     0.13564
   3.23354   0.75572  -2.93312   104.85671   103.71491     1.14181
  -3.50479  -0.15106   3.22670    41.12740    41.61258    -0.48518
  -2.99176   0.73754   3.04578    42.34900    42.51675    -0.16775
  -4.01782   0.73754   3.04578    39.92336    40.42785    -0.50449
  -4.53085  -0.15106   3.04578    40.14896    40.63332    -0.48436
  -1.88255   0.89149   2.52483    49.64026    48.69458     0.94569
  -3.77923   1.75768   2.52483    40.92662    41.24305    -0.31644
  -4.76760   1.30630   2.52483    39.87840    40.35444    -0.47604
  -4.80383   2.09894   1.72670    41.59462    41.70804    -0.11342
  -5.60668  -1.67817  -1.27330    36.49063    37.15920    -0.66856
  -5.35504   0.39222  -2.07144    37.38714    37.85945    -0.47231
  -5.35504  -0.69434  -2.07144    35.43803    36.15225    -0.71422
  -4.76760  -1.60842  -2.07144    34.91372    35.62152    -0.70781
  -4.01782  -1.03965  -2.59238    35.16623    35.65638    -0.49015
  -2.74325  -1.28324   3.52477    45.17051    45.78197    -0.61146
  -1.71719  -1.28324   3.34384    50.98418    51.72657    -0.74240
  -2.23022  -0.39464   3.34384    46.63736    47.03066    -0.39329
  -3.25628  -0.39464   3.34384    42.07256    42.54703    -0.47447
  -3.76931  -1.28324   3.34384    42.49711    42.97396    -0.47685
  -2.23022  -2.17183   3.34384    49.24095    49.87628    -0.63533
  -1.94218   0.47086   2.82290    48.61938    48.22388     0.39549
  -1.94218  -3.03734   2.82290    53.29627    53.54926    -0.25299
  -2.47065  -4.22506   0.00382    49.92331    50.19078    -0.26747
  -4.84514  -2.81035  -0.97523    37.94419    38.53819    -0.59400
  -4.04229  -3.53324  -0.97523    40.05606    40.80908    -0.75302
  -3.01482  -3.86708  -0.97523    43.80995    44.60639    -0.79644
  -4.00606  -2.74060  -1.77337    37.13982    37.87179    -0.73198
  -3.01768  -3.19197  -1.77337    40.87705    41.80415    -0.92710
  -3.25628  -2.17183  -2.29431    37.63695    38.22035    -0.58340
  -2.74325  -1.28324  -2.47523    38.43195    38.43582    -0.00387
  -2.38913   1.84711   2.44892    47.03209    46.66264     0.36945
  -2.10109   2.71262   1.92797    51.23405    50.89552     0.33853
  -3.17660   2.86726   1.92797    44.88636    45.03357    -0.14720
  -4.16497   2.41588   1.92797    41.85656    42.07497    -0.21840
  -2.09931   3.42944   1.12984    53.04149    52.94674     0.09475
  -3.17373   3.54236   1.12984    47.26342    47.42668    -0.16326
  -4.75241   1.50180  -2.66830    39.98331    40.47656    -0.49325
  -4.75241   0.41524  -2.66830    36.85713    37.43878    -0.58165
  -3.17660  -0.95021  -2.66830    36.99709    37.15533    -0.15823
  -3.41519   1.84711  -3.18924    43.84770    44.37114    -0.52344
  -3.92822   0.95852  -3.18924    39.40820    40.05961    -0.65141
  -3.41519   0.06993  -3.18924    38.51176    39.14311    -0.63135
  -2.90216   0.95852  -3.37016    43.00394    43.82760    -0.82365
  -1.38005  -1.30809   3.22745    53.92417    54.77377    -0.84959
  -0.35399  -1.30809   3.04653    65.90173    66.80953    -0.90780
  -0.86702  -0.41950   3.04653    60.02574    60.55331    -0.52757
  -0.86702  -2.19669   3.04653    59.38312    60.22355    -0.84042
  -2.18856  -4.14973  -0.29350    50.66109    51.10008    -0.43899
  -1.65162  -3.89194  -1.27255    50.89850    51.89072    -0.99223
  -1.65448  -3.21683  -2.07068    48.90374    50.06871    -1.16497
  -0.57898  -3.06220  -2.07068    59.95057    60.80224    -0.85167
  -1.89308  -2.19669  -2.59163    45.80012    46.78207    -0.98195
  -1.81054   3.52206   0.83063    55.98941    55.84018     0.14923
  -0.51291   0.93822  -3.48844    63.78429    63.99668    -0.21239
  -2.05200   1.82681  -3.48844    50.59848    51.20300    -0.60452
  -2.56503   0.93822  -3.48844    44.76223    45.62383    -0.86159
  -2.05200   0.04962  -3.48844    46.15501    47.04651    -0.89150
  -1.02594   0.04962  -3.48844    56.01910    56.69950    -0.68040
  -1.53897   0.93822  -3.66937    52.10415    52.91215    -0.80800
  -1.05041  -2.10566  -2.66844    54.23163    55.15641    -0.92478
  -1.28900  -1.08552  -3.18939    51.78361    52.51947    -0.73586
  -0.77597  -0.19692  -3.37031    58.97167    59.51808    -0.54641
   0.81056   2.66100   3.57422    65.91437    66.44669    -0.53232
   0.29753   1.77240   3.57422    66.69633    66.91756    -0.22122
   0.81056   0.88381   3.57422    74.41052    74.66330    -0.25278
   1.83662   0.88381   3.57422    82.83060    83.32534    -0.49475
   1.05202   4.35624   2.25514    63.57191    63.75359    -0.18168
   0.02455   4.02240   2.25514    61.20064    61.06618     0.13446
   1.59619   4.71422   1.27608    66.10814    66.44861    -0.34048
   0.51507   4.61404   1.27608    62.68945    62.64240     0.04705
   3.50693   3.76278   0.23420    85.89234    87.49656    -1.60422
   0.51507   4.61404   0.23420    65.33985    65.36883    -0.02897
  -0.45685   4.13008   0.23420    64.30521    64.24072     0.06449
   5.53713  -1.21023   2.05621    91.13516    91.34403    -0.20888
   5.98222  -0.15350   1.25808    98.93214    98.77146     0.16068
   5.98223  -2.26696   1.25808    81.96187    82.52118    -0.55931
   1.82833  -3.56791   0.27902    85.70965    86.33862    -0.62897
   4.92566  -3.85492   0.27902    76.81983    76.65195     0.16789
   5.79211  -3.20061   0.27902    77.72135    77.79153    -0.07018
   2.80025  -4.05187  -0.76287    79.58719    79.63819    -0.05100
   3.88136  -4.15205  -0.76287    76.68837    76.48141     0.20696
   4.92566  -3.85492  -0.76287    75.87266    75.57119     0.30147
   4.41161  -3.68115  -1.74192    76.69545    76.49306     0.20240
   5.34722  -3.14098  -1.74192    77.26950    77.10492     0.16458
   4.40983  -2.96433  -2.54005    78.69754    78.85990    -0.16236
   4.63482  -1.21023  -3.06100    85.71020    86.30946    -0.59925
   4.12179  -0.32163  -3.06100    94.64726    94.75744    -0.11017
   3.09573  -0.32163  -3.06100    99.26000    99.19697     0.06303
  -0.55362  -1.67854  -2.99323    59.96138    60.53029    -0.56891
   0.19616  -1.10977  -3.51418    66.53154    67.03190    -0.50036
   1.22222  -1.10977  -3.51418    76.19816    76.81342    -0.61525
   3.59438  -0.71835   2.87430   102.89286   102.31670     0.57615
   5.83627   1.23751  -0.46572   101.60476   102.24490    -0.64014
   5.26470   2.16063  -0.46572   101.62828   102.93821    -1.30992
  -5.08570   0.76752   2.61978    39.89656    40.38866    -0.49210
  -5.60636  -0.13429   2.61978    40.04923    40.18743    -0.13819
  -5.08570  -1.03610   2.61978    41.91341    41.94233    -0.02891
  -5.79382   1.28379   1.95383    40.14207    40.15853    -0.01645
  -6.36543   0.39435   1.95383    39.51069    39.28269     0.22800
  -6.36543  -0.66293   1.95383    39.82490    39.49945     0.32545
  -5.79382  -1.55238   1.95383    41.73493    41.35558     0.37935
  -6.02390   1.69506   0.99150    41.22792    40.85668     0.37124
  -6.67315   0.88092   0.99150    39.62824    39.18724     0.44100
  -6.90487  -0.13429   0.99150    39.05036    38.58228     0.46809
  -6.67315  -1.14951   0.99150    39.39312    38.99541     0.39771
  -6.02390  -1.96364   0.99150    41.16625    40.79334     0.37291
  -6.02390   1.69506  -0.07660    42.40598    41.81925     0.58673
  -6.67315   0.88092  -0.07660    39.66890    39.26710     0.40181
  -6.90487  -0.13429  -0.07660    38.56094    38.28071     0.28023
  -6.67315  -1.14951  -0.07660    38.42695    38.33006     0.09689
  -6.02390  -1.96364  -0.07660    39.33954    39.40216    -0.06262
  -6.36543   0.39435  -1.03893    38.78217    38.81323    -0.03105
  -6.36543  -0.66293  -1.03893    37.54828    37.87866    -0.33038
  -3.21245  -2.14563   3.38761    45.44699    45.98432    -0.53733
  -4.25377  -2.14563   3.14993    43.21993    43.39789    -0.17796
  -3.73311  -3.04744   3.14993    44.91311    44.96095    -0.04784
  -2.69179  -3.04744   3.14993    48.56054    48.81334    -0.25280
  -5.01284  -1.61699   2.48398    43.11450    42.93653     0.17797
  -5.01284  -2.67427   2.48398    42.62465    42.37055     0.25409
  -4.44123  -3.56371   2.48398    43.59656    43.30258     0.29398
  -3.47949  -4.00293   2.48398    46.23632    45.98222     0.25410
  -2.43296  -3.85246   2.48398    50.79878    50.64900     0.14978
  -5.55227  -2.14563   1.52166    43.15853    42.65258     0.50595
  -5.32056  -3.16084   1.52166    42.02455    41.70098     0.32357
  -4.67131  -3.97498   1.52166    42.91552    42.62507     0.29045
  -3.73311  -4.42679   1.52166    45.34168    45.07857     0.26311
  -2.69179  -4.42679   1.52166    49.69229    49.42393     0.26836
  -5.32056  -3.16084   0.45356    41.10051    41.07509     0.02543
  -4.67131  -3.97498   0.45356    41.97644    42.04343    -0.06699
  -3.73311  -4.42679   0.45356    44.51304    44.61152    -0.09848
  -2.69179  -4.42679   0.45356    49.17018    49.21542    -0.04524
  -4.44123  -3.56371  -0.50877    40.62698    41.21667    -0.58969
  -3.47949  -4.00293  -0.50877    43.61936    44.27218    -0.65282
  -3.76175   3.69500   0.89375    45.73273    45.78421    -0.05148
  -4.72349   3.25579   0.89375    43.31374    43.19814     0.11560
  -5.29510   2.36635   0.89375    43.05541    42.72550     0.32990
  -2.97405   4.11887  -0.06857    50.28658    49.98728     0.29930
  -4.01537   4.11887  -0.06857    45.96248    45.61225     0.35023
  -4.95357   3.66706  -0.06857    43.47756    43.04271     0.43485
  -5.60282   2.85292  -0.06857    42.44687    41.95468     0.49219
  -5.83454   1.83771  -0.06857    43.39576    42.73361     0.66215
  -2.97405   4.11887  -1.13668    51.13909    50.52185     0.61724
  -4.01537   4.11887  -1.13668    46.35986    45.80489     0.55496
  -4.95357   3.66706  -1.13668    43.54901    43.01033     0.53868
  -5.60282   2.85292  -1.13668    41.99484    41.54840     0.44645
  -5.83454   1.83771  -1.13668    41.55276    41.21959     0.33317
  -2.71523   3.54454  -2.09900    53.01040    52.33823     0.67218
  -3.76175   3.69500  -2.09900    46.99978    46.55129     0.44848
  -4.72349   3.25579  -2.09900    43.48719    43.17173     0.31546
  -5.29510   2.36635  -2.09900    41.35955    41.29582     0.06373
  -4.01537   2.73952  -2.76495    44.49272    44.56432    -0.07160
  -4.53603   1.83771  -2.76495    41.19869    41.65113    -0.45244
   0.24524  -2.19409   2.62609    73.72197    74.61438    -0.89241
  -0.27542  -3.09590   2.62609    64.39696    64.78562    -0.38866
  -1.06312  -4.05139   1.96014    58.33993    58.08261     0.25731
  -0.01659  -3.90092   1.96014    64.94115    64.81509     0.12607
   0.78245  -3.20855   1.96014    76.11070    76.36792    -0.25723
  -1.31674  -4.47526   0.99782    56.50537    56.21673     0.28865
  -0.27542  -4.47526   0.99782    62.01006    61.71306     0.29700
   0.66278  -4.02344   0.99782    71.50668    71.35534     0.15135
   1.31204  -3.20931   0.99782    86.39630    86.89553    -0.49922
  -1.31674  -4.47526  -0.07028    55.37714    55.54520    -0.16806
  -0.27542  -4.47526  -0.07028    61.91947    61.90772     0.01176
   0.66278  -4.02344  -0.07028    72.56445    72.51386     0.05059
  -1.06312  -4.05139  -1.03261    56.06583    56.86385    -0.79801
  -0.01659  -3.90092  -1.03261    65.90590    66.25417    -0.34827
  -0.55858   4.08747  -0.59941    65.50868    65.19854     0.31014
  -1.59990   4.08747  -0.59941    58.65341    58.13538     0.51803
  -0.55858   4.08747  -1.66751    64.12610    63.36647     0.75963
  -1.59990   4.08747  -1.66751    57.86999    57.09097     0.77902
   0.49929   2.82077  -2.62983    76.58236    75.58077     1.00159
  -0.29975   3.51314  -2.62983    65.48643    64.65954     0.82689
  -1.34628   3.66361  -2.62983    58.05750    57.37740     0.68010
  -2.30802   3.22440  -2.62983    53.80798    53.34754     0.46044
  -0.55858   2.70812  -3.29578    62.95883    62.55213     0.40671
  -1.59990   2.70812  -3.29578    55.44006    55.39378     0.04629
  -1.07924   1.80631  -3.53346    58.29405    58.68229    -0.38824
   3.55055   3.40480  -0.67663    93.17470    94.42500    -1.25030
   2.90129   4.21894  -0.67663    78.13383    78.81668    -0.68285
   1.96310   4.67075  -0.67663    70.46514    70.69264    -0.22750
   0.92177   4.67075  -0.67663    67.15777    67.09995     0.05782
  -0.01642   4.21894  -0.67663    67.55474    67.34153     0.21322
   3.02096   3.40405  -1.63896    88.59961    88.65081    -0.05120
   2.22192   4.09642  -1.63896    76.11490    75.96574     0.14916
   1.17540   4.24689  -1.63896    71.05527    70.65213     0.40314
   0.21366   3.80768  -1.63896    71.98184    71.22508     0.75676
   1.96310   3.29140  -2.30491    82.18005    81.53477     0.64528
   0.92177   3.29140  -2.30491    77.41479    76.54872     0.86608
  -0.21420   2.78805   3.29034    60.99641    60.91913     0.07728
  -0.73486   1.88624   3.29034    60.06204    59.60958     0.45246
  -0.21420   0.98443   3.29034    66.91627    66.68450     0.23177
   0.03942   3.74354   2.62439    61.34975    61.29455     0.05519
  -0.92232   3.30433   2.62439    57.63797    57.13803     0.49993
  -1.49393   2.41488   2.62439    55.49066    54.72275     0.76791
  -1.49393   1.35760   2.62439    55.33042    54.34224     0.98818
  -0.92232   0.46816   2.62439    61.68071    61.15456     0.52616
  -1.15240   3.71559   1.66207    57.93938    57.47971     0.45966
  -1.80165   2.90145   1.66207    54.69451    54.21779     0.47672
  -1.15240   3.71559   0.59397    61.33473    61.16980     0.16493
   2.01356   2.16904   3.90970    71.84409    72.21723    -0.37314
   3.05488   2.16904   3.67202    78.02696    78.05616    -0.02920
   2.53422   3.07085   3.67202    69.75157    69.90434    -0.15277
   1.49290   3.07085   3.67202    66.12522    66.54664    -0.42142
   2.53422   1.26723   3.67202    82.96660    83.25142    -0.28482
   3.88996   2.16904   3.00607    88.23003    87.96943     0.26060
   3.59209   3.18350   3.00607    76.40625    76.44709    -0.04084
   2.79305   3.87587   3.00607    68.82997    69.01768    -0.18771
   1.74652   4.02634   3.00607    64.90986    65.21040    -0.30054
   4.12167   3.18425   2.04375    84.99275    85.41609    -0.42334
   3.47242   3.99839   2.04375    74.36104    74.87996    -0.51893
   2.53422   4.45020   2.04375    68.37141    68.84370    -0.47228
   4.12167   3.18425   0.97565    93.45421    94.87674    -1.42253
   3.47242   3.99839   0.97565    79.74536    80.96074    -1.21537
   2.50593  -3.93483  -1.57950    77.37116    77.02402     0.34714
   3.54725  -3.93483  -1.57950    77.37880    77.11026     0.26854
   1.79781  -3.07175  -2.54183    78.77430    77.98034     0.79397
   2.75955  -3.51096  -2.54183    75.93405    75.39757     0.53649
   3.80607  -3.36049  -2.54183    76.58610    76.42100     0.16510
   4.06791  -1.65366  -3.20778    83.91025    84.44526    -0.53500
   3.54725  -0.75185  -3.20778    92.37802    92.64806    -0.27004
   2.50593  -0.75185  -3.20778    92.22482    92.51072    -0.28590
   1.98527  -1.65366  -3.20778    84.01747    84.06319    -0.04572
   2.50593  -2.55547  -3.20778    78.32981    77.88527     0.44454
   3.54725  -2.55547  -3.20778    78.09476    78.05837     0.03639
   3.02659  -1.65366  -3.44545    82.66597    82.69933    -0.03336
   6.52970  -1.12289   0.95482    84.71878    84.79951    -0.08073
   6.23183  -0.10843   0.95482    95.34932    95.23012     0.11920
   6.23183  -2.13734   0.95482    81.58206    81.99619    -0.41413
   6.99313  -1.12289  -0.00750    79.61898    79.12263     0.49636
   6.76142  -0.10767  -0.00750    86.54386    86.14666     0.39721
   6.11216   0.70646  -0.00750   100.12085   100.24962    -0.12876
   6.11216  -2.95224  -0.00750    77.41695    77.34922     0.06772
   6.76142  -2.13810  -0.00750    76.77739    76.46307     0.31433
   6.99313  -1.12289  -1.07560    77.67121    76.88173     0.78948
   6.76142  -0.10767  -1.07560    83.67901    83.05852     0.62049
   6.11216   0.70646  -1.07560    95.05387    94.97235     0.08152
   6.11216  -2.95224  -1.07560    75.58157    75.20099     0.38058
   6.76142  -2.13810  -1.07560    75.11947    74.47411     0.64536
   6.52970  -1.12289  -2.03793    78.18197    77.55727     0.62470
   6.23183  -0.10843  -2.03793    84.94317    84.47901     0.46416
   5.43279   0.58394  -2.03793    98.57304    98.37702     0.19602
   5.43279  -2.82972  -2.03793    77.73161    77.65999     0.07162
   6.23183  -2.13734  -2.03793    75.89288    75.46355     0.42932
   5.69463  -1.12289  -2.70388    81.34379    81.29477     0.04902
   5.17397  -0.22108  -2.70388    91.05976    91.07857    -0.01881
   5.17397  -2.02470  -2.70388    80.59333    80.95008    -0.35675
   3.52064  -1.81625   3.05978    88.23104    87.68530     0.54574
   4.56196  -1.81625   2.82210    86.29793    85.93601     0.36192
   4.04130  -0.91444   2.82210    99.67245    99.03108     0.64137
   2.99998  -2.71806   2.82210    82.41179    81.83619     0.57560
   4.04130  -2.71806   2.82210    80.16338    79.56218     0.60121
   5.39704  -1.81625   2.15615    86.31435    86.58172    -0.26737
   2.29186  -3.23433   2.15615    82.05215    81.83358     0.21857
   3.25360  -3.67354   2.15615    77.19082    76.63014     0.56068
   4.30012  -3.52308   2.15615    76.22502    75.71477     0.51025
   5.09917  -2.83070   2.15615    78.91566    78.81866     0.09699
   1.41253  -2.83146   1.19383    91.98126    92.83287    -0.85161
   2.06178  -3.64560   1.19383    82.26739    82.48426    -0.21687
   2.99998  -4.09741   1.19383    77.23421    77.04376     0.19045
   4.04130  -4.09741   1.19383    75.55065    75.20874     0.34192
   4.97950  -3.64560   1.19383    76.61402    76.49453     0.11949
   2.45413   1.41217  -3.08461    94.91365    93.84952     1.06414
   1.65509   2.10454  -3.08461    84.42518    83.40920     1.01598
   0.60856   2.25501  -3.08461    76.27687    75.34113     0.93574
   1.91692   0.39771  -3.75056    81.29442    81.03790     0.25652
   1.39626   1.29952  -3.75056    76.85571    76.15495     0.70076
   0.35494   1.29952  -3.75056    69.43630    68.95026     0.48605
  -0.16572   0.39771  -3.75056    64.52169    64.57913    -0.05744
   0.35494  -0.50410  -3.75056    67.73051    68.06214    -0.33163
   1.39626  -0.50410  -3.75056    76.42016    76.77868    -0.35853
   0.87560   0.39771  -3.98824    70.98971    70.79923     0.19048
   1.53779  -3.51283  -0.44692    85.19746    85.36908    -0.17162
   0.49646  -3.51283  -1.51502    71.78841    71.72538     0.06303
   1.53779  -3.51283  -1.51502    80.61603    80.00993     0.60609
  -0.21165  -2.64975  -2.47735    63.84757    64.28154    -0.43397
   0.75009  -3.08896  -2.47735    70.93558    70.66915     0.26643
   0.49646  -2.13347  -3.14330    68.82412    69.08476    -0.26064
   1.53779  -2.13347  -3.14330    78.26750    78.14304     0.12447
   1.47480  -0.29682   3.76119    78.67320    78.79082    -0.11762
   2.51612  -0.29682   3.52352    88.68574    88.78280    -0.09707
   1.99546   0.60499   3.52352    85.85708    86.29881    -0.44173
   0.95414   0.60499   3.52352    77.40236    77.63505    -0.23269
   0.43348  -0.29682   3.52352    72.80462    72.92681    -0.12218
   0.95414  -1.19863   3.52352    75.65020    75.76220    -0.11200
   1.99546  -1.19863   3.52352    82.69166    82.66258     0.02909
  -0.32559   0.23182   2.85757    69.73084    69.59366     0.13718
   0.24602  -1.71491   2.85757    73.96627    74.74277    -0.77650
   1.20776  -2.15412   2.85757    80.40268    80.66984    -0.26716
   2.25429  -2.00365   2.85757    88.78597    88.63218     0.15378
   3.64232   0.57017   3.21383    97.52121    96.97909     0.54212
   4.68364   0.57017   2.97616    95.17958    94.24613     0.93345
   4.16298   1.47198   2.97616    95.22299    94.54315     0.67984
   4.16298  -0.33164   2.97616    99.18458    98.41009     0.77449
   5.51871   0.57017   2.31021    95.29437    94.47739     0.81698
   5.22084   1.58462   2.31021    94.04483    93.39371     0.65112
   4.42180   2.27700   2.31021    95.47194    95.23551     0.23643
   5.22084  -0.44429   2.31021    98.99877    98.40079     0.59798
   5.98214   0.57017   1.34788    98.05800    97.69833     0.35968
   5.75043   1.58538   1.34788    95.97819    95.86573     0.11246
   5.10117   2.39952   1.34788    96.16665    96.54620    -0.37955
   5.75043   1.58538   0.27978   101.26316   101.98643    -0.72327
   5.10117   2.39952   0.27978   101.48749   102.86953    -1.38203
   5.34165   1.77093  -1.30717   100.06457   100.61963    -0.55506
   4.69240   2.58507  -1.30717    97.49245    98.10182    -0.60937
   3.75420   3.03688  -1.30717    97.39797    97.92710    -0.52912
   5.10993   0.75572  -2.26950    99.88247    99.58731     0.29516
   4.81206   1.77018  -2.26950    95.96442    95.63133     0.33309
   4.01302   2.46255  -2.26950    94.90321    94.42248     0.48072
   2.96650   2.61302  -2.26950    96.73058    95.96014     0.77044
   4.27486   0.75572  -2.93545    97.16230    96.49550     0.66680
   3.75420   1.65753  -2.93545    95.02349    94.07286     0.95063
   2.71288   1.65753  -2.93545    97.10788    95.94185     1.16603
   3.23354   0.75572  -3.17312    97.42652    96.57720     0.84933
