
Resp charges for organic molecule                                               

iqopt   irstrnt  ihfree     qwt
  2      1      1        0.001000

 rel.rms   dipole mom       Qxx      Qyy      Qzz
    0.01286  13.38687  92.61804 -34.69581 -57.92223

          Point charges before & after optimization
    NO   At.No.    q0           q(opt)   IVARY  d(rstr)/dq 
     1     6  -0.119945      -0.119945  -99    0.006404
     2     6  -0.187254      -0.187254  -99    0.004711
     3     6  -0.187254      -0.187254  -99    0.004711
     4     6  -0.116032      -0.116032  -99    0.006528
     5     6  -0.116032      -0.116032  -99    0.006528
     6     6   0.013737       0.013737  -99    0.009907
     7     6  -0.388924      -0.392966    0    0.002466
     8     6  -0.140364      -0.164384    0    0.005197
     9     6  -0.182189      -0.141786    0    0.005764
    10     6   0.157546       0.157546  -99    0.005359
    11     7  -0.190272      -0.190272  -99    0.004652
    12     1   0.145353       0.145353  -99    0.000000
    13     1   0.157589       0.157589  -99    0.000000
    14     1   0.157589       0.157589  -99    0.000000
    15     1   0.136708       0.136708  -99    0.000000
    16     1   0.136708       0.136708  -99    0.000000
    17     1   0.122235       0.126357    0    0.000000
    18     1   0.148017       0.126357   17    0.000000
    19     1   0.109271       0.126357   17    0.000000
    20     1   0.123518       0.129126    0    0.000000
    21     1   0.120855       0.129126   20    0.000000
    22     1   0.129035       0.129126   20    0.000000
    23     1   0.110430       0.088073    0    0.000000
    24     1   0.091578       0.088073   23    0.000000
    25     1   0.114491       0.114491  -99    0.000000
    26     1   0.326805       0.326805  -99    0.000000
    27     1   0.326805       0.326805  -99    0.000000

        Statistics of the fitting:
  The initial sum of squares (ssvpot)                     16.115
  The residual sum of squares (chipot)                     0.003
  The std err of estimate (sqrt(chipot/N))               0.00154
  ESP relative RMS (SQRT(chipot/ssvpot))                 0.01286

 Dipole Moment (Debye)=  13.38687
