
Resp charges for organic molecule                                               

iqopt   irstrnt  ihfree     qwt
  2      1      1        0.001000

 rel.rms   dipole mom       Qxx      Qyy      Qzz
    1.00000****************************************

          Point charges before & after optimization
    NO   At.No.    q0           q(opt)   IVARY  d(rstr)/dq 
     1     6   0.000000       0.000000  -99    0.010000
     2     6   0.000000       0.000000  -99    0.010000
     3     6   0.000000       0.000000  -99    0.010000
     4     6   0.000000       0.000000  -99    0.010000
     5     6   0.000000       0.000000  -99    0.010000
     6     6   0.000000       0.000000  -99    0.010000
     7     6   0.000000       0.000000    0    0.010000
     8     6   0.000000       0.000000    0    0.010000
     9     6   0.000000       0.000000    8    0.010000
    10     6   0.000000       0.000000    0    0.010000
    11     6   0.000000       0.000000    0    0.010000
    12     6   0.000000       0.000000   11    0.010000
    13     6   0.000000       0.000000    0    0.010000
    14     6   0.000000       0.000000   13    0.010000
    15     6   0.000000       0.000000    0    0.010000
    16     6   0.000000       0.000000   15    0.010000
    17     6   0.000000       0.000000  -99    0.010000
    18     7   0.000000       0.000000  -99    0.010000
    19     1   0.033333       0.033333  -99    0.000000
    20     1   0.066667       0.066667  -99    0.000000
    21     1   0.066667       0.066667  -99    0.000000
    22     1   0.066667       0.066667  -99    0.000000
    23     1   0.066667       0.066667  -99    0.000000
    24     1   0.033333       0.018518    0    0.000000
    25     1   0.033333       0.018518   24    0.000000
    26     1   0.033333       0.037037    0    0.000000
    27     1   0.033333       0.037037   26    0.000000
    28     1   0.033333       0.037037   26    0.000000
    29     1   0.033333       0.037037   26    0.000000
    30     1   0.033333       0.018518    0    0.000000
    31     1   0.033333       0.018518   30    0.000000
    32     1   0.033333       0.037037    0    0.000000
    33     1   0.033333       0.037037   32    0.000000
    34     1   0.033333       0.037037   32    0.000000
    35     1   0.033333       0.037037   32    0.000000
    36     1   0.033333       0.037037    0    0.000000
    37     1   0.033333       0.037037   36    0.000000
    38     1   0.033333       0.037037   36    0.000000
    39     1   0.033333       0.037037   36    0.000000
    40     1   0.033333       0.037037    0    0.000000
    41     1   0.033333       0.037037   40    0.000000
    42     1   0.033333       0.037037   40    0.000000
    43     1   0.033333       0.037037   40    0.000000
    44     1   0.033333       0.033333  -99    0.000000

        Statistics of the fitting:
  The initial sum of squares (ssvpot)            ***************
  The residual sum of squares (chipot)           ***************
  The std err of estimate (sqrt(chipot/N))       ***************
  ESP relative RMS (SQRT(chipot/ssvpot))                 1.00000

 Dipole Moment (Debye)=**********
