 1000     6      5892872.9180226699     1265.2834292947
  -0.20521  -3.42020  -0.10997    73.93412    72.87560     1.05852
   0.30674  -3.70474  -1.15997    63.34639    65.74500    -2.39860
  -0.47139  -2.52938  -2.97862    67.11283    69.43421    -2.32138
   0.05361  -1.62005  -3.25997    69.54713    70.13440    -0.58727
  -0.61531   1.61875  -2.66397    82.95638    85.30414    -2.34776
  -0.88149  -1.09072  -3.43263    75.29834    77.02495    -1.72661
  -2.56196  -0.68818   2.16738   126.67295   122.86552     3.80743
  -1.07579  -3.00070   2.16738    79.14353    79.55608    -0.41254
  -0.06148  -2.85486   2.16738    75.15221    74.41179     0.74041
  -0.56385  -3.28525   1.11738    78.77152    76.09659     2.67493
  -0.25955  -3.37368   0.30139    75.68122    73.77749     1.90372
  -1.97156   2.21608   0.72804   132.65547   132.88021    -0.22474
  -1.84921   2.67570   0.44278   112.83203   114.41613    -1.58410
   0.14891   4.24802  -0.60722    65.48347    65.70805    -0.22459
  -0.36304   3.96347  -1.65722    67.78562    67.93813    -0.15251
   2.08758   1.43764   3.49674    57.89413    58.88189    -0.98775
   4.23377   0.10077  -1.63652    49.83030    49.66936     0.16094
   3.17061  -1.55354  -1.63652    56.29335    57.61478    -1.32142
  -2.67296   0.29572   2.29546   132.86222   130.95797     1.90426
  -4.41794   0.80809  -0.85454   135.69173   138.82666    -3.13494
  -4.41794  -0.21665  -0.85454   135.96765   138.86542    -2.89777
  -2.27768  -1.78055  -0.73483   127.55832   123.71750     3.84081
  -2.27768  -2.87349  -0.73483    98.29864    95.00588     3.29276
  -1.57515  -3.71073  -0.73483    79.25570    76.94254     2.31316
  -0.49881  -3.90052  -0.73483    68.99734    69.14597    -0.14863
  -2.27768  -1.78055  -1.77312   105.48030   104.87267     0.60763
  -2.27768  -2.87349  -1.77312    86.97769    84.83005     2.14763
  -1.57515  -3.71073  -1.77312    73.31654    71.69913     1.61741
  -0.49881  -3.90052  -1.77312    64.68436    65.86199    -1.17763
  -1.57515  -1.74659  -2.61312    85.96203    87.01140    -1.04937
  -1.57515  -2.90744  -2.61312    74.20745    74.14516     0.06229
  -0.47112  -3.26617  -2.61312    64.33490    66.78028    -2.44539
   2.47381  -1.99951  -1.25058    62.61841    63.97417    -1.35576
   1.15349  -3.57301  -1.25058    60.62234    62.62585    -2.00351
   2.10000  -3.02654  -1.25058    60.46436    61.28438    -0.82002
   2.47381  -1.99951  -2.28888    61.62312    60.18812     1.43500
   1.15349  -3.57301  -2.28888    58.34653    59.27985    -0.93332
   2.10000  -3.02654  -2.28888    58.84268    57.73087     1.11181
   1.86352  -1.99951  -3.12888    62.14316    59.91179     2.23137
   0.07715  -2.57994  -3.12888    63.55244    65.66617    -2.11372
   1.18118  -2.93866  -3.12888    59.32197    58.94820     0.37378
   0.87604  -1.99951  -3.44973    63.35030    62.99509     0.35521
   1.50971   1.18765  -2.94464    70.87656    67.40916     3.46740
   0.56320   1.73412  -2.94464    73.65065    72.28378     1.36687
  -0.51314   1.54434  -2.94464    79.22222    81.64804    -2.42582
   1.27323   0.16062  -3.78464    67.82482    63.80027     4.02455
   0.59089   1.09977  -3.78464    69.13808    66.80277     2.33531
  -0.51314   0.74105  -3.78464    72.77387    74.39081    -1.61694
  -0.51314  -0.41980  -3.78464    72.10955    73.83488    -1.72534
   0.59089  -0.77853  -3.78464    67.91661    66.52741     1.38920
   0.28575   0.16062  -4.10549    68.01227    66.53365     1.47862
  -2.18210   1.23296  -2.52643   110.07202   110.71474    -0.64272
  -2.88463   0.39572  -2.52643   121.66676   119.88649     1.78027
  -2.88463  -0.69722  -2.52643   109.87278   109.04026     0.83252
  -2.18210  -1.53447  -2.52643    94.20914    94.67725    -0.46811
  -1.07807   0.78840  -3.36643    80.52856    84.41405    -3.88549
  -2.18210   0.42967  -3.36643    90.27353    91.03772    -0.76419
  -2.18210  -0.73118  -3.36643    86.42911    86.84700    -0.41789
  -1.07807  -1.08990  -3.36643    77.40568    79.17670    -1.77103
  -1.38322  -0.15075  -3.68728    78.18492    80.62701    -2.44208
  -2.37787  -2.53387   2.24325    90.66333    91.59139    -0.92805
  -3.08040  -2.49991   1.40325   106.77036   104.64711     2.12325
  -2.37787  -3.33716   1.40325    87.45523    85.98463     1.47060
  -1.30153  -3.52694   1.40325    79.25392    78.21414     1.03979
  -3.08040  -2.49991   0.36496   117.55429   113.82157     3.73272
  -2.37787  -3.33716   0.36496    92.54597    89.79829     2.74769
  -1.30153  -3.52694   0.36496    82.86087    80.73857     2.12230
  -2.37787  -2.53387  -0.47504   109.97481   106.45766     3.51715
  -0.61456  -1.26539   3.86907    78.32943    78.30983     0.01961
   0.37292  -1.26539   3.54821    74.94864    75.56245    -0.61381
  -0.30942  -0.32624   3.54821    85.58292    85.52285     0.06007
  -1.41345  -0.68496   3.54821    88.69071    89.57781    -0.88710
  -1.41345  -1.84581   3.54821    79.99678    80.97463    -0.97785
  -0.30942  -2.20453   3.54821    73.54158    73.75147    -0.20988
   0.98321  -1.26539   2.70821    74.71145    76.85396    -2.14251
  -2.11598  -0.71891   2.70821   106.66442   106.87508    -0.21066
  -2.11598  -1.81186   2.70821    92.34961    94.39362    -2.04401
  -1.41345  -2.64910   2.70821    79.86450    81.78143    -1.91694
  -0.33711  -2.83889   2.70821    73.56574    74.11375    -0.54800
   0.60940  -2.29242   2.70821    72.51162    73.36959    -0.85797
   1.10831  -2.22029   2.36737    70.74620    72.06553    -1.31933
   2.09579  -2.22029   2.04652    65.69911    66.50902    -0.80991
   0.30942  -2.80072   2.04652    73.97308    73.28801     0.68507
   1.41346  -3.15944   2.04652    65.14893    64.40957     0.73935
   2.70608  -2.22029   1.20652    63.86707    64.62827    -0.76120
   0.30942  -3.60401   1.20652    69.06468    68.24910     0.81558
   1.38576  -3.79379   1.20652    63.29434    61.91809     1.37625
   2.33228  -3.24732   1.20652    61.90529    60.63657     1.26872
   2.70608  -2.22029   0.16822    64.13084    65.54603    -1.41519
   0.30942  -3.60401   0.16822    68.83682    68.84507    -0.00825
   1.38576  -3.79379   0.16822    62.56984    62.49780     0.07204
   2.33228  -3.24732   0.16822    61.30193    61.28017     0.02176
   1.41346  -3.15944  -0.67178    64.51118    66.30474    -1.79356
  -1.21821   0.91365   3.27342    98.33784    98.41392    -0.07607
  -0.91306   1.85280   2.95257    95.86054    95.77709     0.08345
  -2.01709   1.49408   2.95257   105.55027   105.54591     0.00436
  -2.01709   0.33322   2.95257   108.46566   109.55700    -1.09134
  -0.94075   2.48715   2.11257    98.26944    99.72093    -1.45148
  -2.01709   2.29736   2.11257   111.74145   112.29381    -0.55235
  -2.01709   2.29736   1.07427   127.92216   129.07349    -1.15133
   0.03990   2.73976   1.99332    83.88602    84.75301    -0.86700
   0.34505   3.67891   1.67247    73.11202    71.84498     1.26703
  -0.75898   3.32019   1.67247    85.18822    85.36312    -0.17490
   1.26387   3.76679   0.83247    66.12260    65.61662     0.50598
   0.31735   4.31326   0.83247    67.58166    66.70573     0.87593
  -0.75898   4.12347   0.83247    74.99145    75.17070    -0.17926
  -1.46151   3.28623   0.83247    92.30710    94.37713    -2.07003
   1.26387   3.76679  -0.20583    63.66297    64.55010    -0.88713
   0.31735   4.31326  -0.20583    65.11926    65.41548    -0.29622
  -0.75898   4.12347  -0.20583    72.84100    73.84267    -1.00167
  -1.82681   3.11300   0.28713    99.69477   101.66940    -1.97462
  -1.82681   3.91628  -0.55287    82.09532    82.28582    -0.19050
  -2.52934   3.07904  -0.55287   104.99953   104.39625     0.60328
  -0.75047   4.10607  -1.59117    69.07311    69.14750    -0.07439
  -1.82681   3.91628  -1.59117    78.15597    76.92112     1.23485
  -2.52934   3.07904  -1.59117    95.70573    93.88523     1.82050
  -2.52934   1.98610  -1.59117   126.16980   124.89676     1.27304
  -0.72278   3.47172  -2.43117    70.14729    70.77149    -0.62420
  -1.82681   3.11300  -2.43117    81.98429    80.88103     1.10326
  -1.82681   1.95215  -2.43117    97.89269    98.42136    -0.52867
  -1.02793   2.53257  -2.75202    78.04525    79.24934    -1.20410
   1.94307   3.43343  -0.76385    62.60031    61.82048     0.77983
   0.99655   3.97990  -0.76385    62.93280    63.16502    -0.23222
   2.31688   2.40640  -1.80215    65.40882    62.35676     3.05206
   1.94307   3.43343  -1.80215    61.97249    59.19097     2.78152
   0.99655   3.97990  -1.80215    61.65215    60.55328     1.09887
   1.70658   2.40640  -2.64215    65.78448    62.61446     3.17001
   1.02425   3.34555  -2.64215    63.28200    61.32100     1.96099
  -0.07979   2.98683  -2.64215    68.64228    69.70214    -1.05986
   0.71910   2.40640  -2.96300    68.19264    66.89203     1.30061
   3.00660   1.51935   2.96402    53.91431    55.11414    -1.19983
   2.32426   2.45850   2.96402    57.98991    58.06219    -0.07228
   3.61689   1.51935   2.12402    52.81985    54.12964    -1.30979
   3.24308   2.54638   2.12402    56.08807    54.79244     1.29563
   2.29657   3.09285   2.12402    61.10396    59.51456     1.58939
   1.22023   2.90306   2.12402    69.08641    69.54930    -0.46290
   3.61689   1.51935   1.08572    56.16701    56.72372    -0.55671
   3.24308   2.54638   1.08572    59.46051    57.44721     2.01330
   2.29657   3.09285   1.08572    64.32747    62.46841     1.85906
   2.28598  -0.15429   3.81273    57.61497    58.27667    -0.66170
   3.27345  -0.15429   3.49188    54.41354    53.61242     0.80112
   2.59112   0.78486   3.49188    55.72224    56.50263    -0.78040
   1.48709  -0.73472   3.49188    64.38101    66.51720    -2.13619
   2.59112  -1.09344   3.49188    58.66658    57.75961     0.90697
   3.88375  -0.15429   2.65188    53.61397    52.84902     0.76496
   3.50994   0.87274   2.65188    52.32385    54.01860    -1.69475
   1.48709  -1.53801   2.65188    68.97157    70.90446    -1.93288
   2.56343  -1.72779   2.65188    62.03747    61.30909     0.72838
   3.50994  -1.18132   2.65188    57.31161    55.25216     2.05945
   3.88375  -0.15429   1.61358    55.36642    55.68973    -0.32330
   2.56343  -1.72779   1.61358    66.20446    67.37992    -1.17546
   3.50994  -1.18132   1.61358    60.34176    59.14430     1.19746
   0.73579   0.62566   4.06898    67.97932    68.28346    -0.30414
   1.04094   1.56481   3.74813    65.36456    66.24479    -0.88023
  -0.06310   1.20609   3.74813    78.75165    78.03070     0.72095
  -0.06310   0.04524   3.74813    80.45186    80.13712     0.31474
   1.04094  -0.31349   3.74813    67.01686    68.91487    -1.89801
   1.01324   2.19916   2.90813    68.49074    70.67779    -2.18706
  -0.06310   2.00938   2.90813    84.14087    85.04971    -0.90884
   3.82112   1.11075   0.79921    54.09230    55.58129    -1.48899
   4.43142   1.11075  -0.04079    50.18901    51.02728    -0.83827
   4.05761   2.13778  -0.04079    54.51744    52.70481     1.81263
   3.11109   2.68425  -0.04079    61.22728    58.58890     2.63838
   2.03475   2.49446  -0.04079    69.73160    69.20382     0.52777
   4.43142   1.11075  -1.07909    49.88663    49.72334     0.16329
   4.05761   2.13778  -1.07909    53.64763    51.50187     2.14576
   3.11109   2.68425  -1.07909    59.89597    57.01109     2.88489
   3.82112   1.11075  -1.91909    52.37495    52.00829     0.36666
   3.13879   2.04990  -1.91909    57.69421    56.20318     1.49102
   3.84544  -0.13631  -2.15867    51.91606    51.54387     0.37219
   2.52511  -1.70981  -2.15867    62.61067    61.47104     1.13962
   3.47163  -1.16334  -2.15867    53.94755    54.23803    -0.29048
   3.23514  -0.13631  -2.99867    56.01720    54.07344     1.94376
   2.55281   0.80284  -2.99867    61.06831    58.87548     2.19283
   2.55281  -1.07546  -2.99867    61.52033    58.63304     2.88729
   2.24766  -0.13631  -3.31952    64.42528    60.31524     4.11003
   4.15563  -0.60055   1.14278    55.14950    54.46474     0.68476
   3.47330  -1.53970   1.14278    60.79801    59.83476     0.96325
   4.76593  -0.60055   0.30278    51.06215    49.96098     1.10118
   4.39212   0.42648   0.30278    50.19684    51.84578    -1.64894
   3.44560  -2.17405   0.30278    59.16772    58.30965     0.85807
   4.39212  -1.62758   0.30278    54.25024    51.91975     2.33049
   4.76593  -0.60055  -0.73552    49.46297    48.80410     0.65886
   3.44560  -2.17405  -0.73552    56.53284    56.52853     0.00431
   4.39212  -1.62758  -0.73552    52.18905    50.74279     1.44626
   4.15563  -0.60055  -1.57552    50.71041    50.71553    -0.00512
   3.47330  -1.53970  -1.57552    54.30642    55.37419    -1.06777
  -3.15561  -0.59243   2.04092   134.41498   131.59114     2.82384
  -3.95450  -1.17285   1.72007   126.25976   124.07710     2.18266
  -4.65703  -0.04596   0.88007   138.54167   140.06041    -1.51874
  -4.65703  -1.13890   0.88007   125.44541   123.81481     1.63060
  -3.95450  -1.97614   0.88007   123.61665   120.01419     3.60246
  -4.65703  -1.13890  -0.15823   126.59295   125.99651     0.59644
  -3.95450  -1.97614  -0.15823   124.56191   121.72908     2.83283
  -3.95450  -1.17285  -0.99823   132.05530   132.77105    -0.71574
  -2.85046  -1.53158  -0.99823   134.30907   133.18961     1.11947
  -3.48258   1.86060  -1.33444   130.01121   130.93166    -0.92045
  -4.18511   1.02336  -1.33444   131.14952   133.15771    -2.00820
  -4.18511  -0.06959  -1.33444   134.19304   136.63847    -2.44543
  -3.48258  -0.90683  -1.33444   139.35747   141.01247    -1.65501
  -2.37854   1.41603  -2.17444   122.32879   121.86109     0.46771
  -3.48258   1.05731  -2.17444   123.44944   122.77728     0.67215
  -3.48258  -0.10354  -2.17444   125.59634   125.21520     0.38114
  -3.22485   1.03101   2.32656   130.34049   128.87718     1.46330
  -2.91971   1.97016   2.00570   128.05309   126.39731     1.65578
  -4.02374   1.61144   2.00570   124.26788   121.75302     2.51486
  -4.02374   0.45059   2.00570   131.93121   131.25515     0.67606
  -2.94740   2.60452   1.16570   125.47523   123.89547     1.57976
  -4.02374   2.41473   1.16570   122.79731   120.06674     2.73057
  -4.72627   1.57749   1.16570   124.11209   122.34485     1.76724
  -4.72627   0.48454   1.16570   132.43360   133.04879    -0.61519
  -2.94740   2.60452   0.12741   128.71524   128.37221     0.34302
  -4.02374   2.41473   0.12741   125.63066   124.75883     0.87183
  -4.72627   1.57749   0.12741   127.48763   127.75062    -0.26299
   0.57427  -3.90122  -0.62592    62.21801    63.73075    -1.51274
   0.57427  -3.90122  -1.69402    58.82392    61.26690    -2.44298
  -0.46705  -2.52187  -3.32229    64.49352    66.41764    -1.92412
   0.05361  -1.62005  -3.55997    66.54792    67.41981    -0.87189
  -0.87715  -1.08321  -3.77630    70.80640    72.51814    -1.71174
  -2.61736  -0.67192   2.61376   111.27547   110.46213     0.81334
  -2.61736  -1.72920   2.61376    96.44563    97.23917    -0.79354
  -0.29631  -3.48172   1.65143    71.68682    70.87098     0.81584
  -1.90461   2.69197   0.88916   112.51290   114.29165    -1.77875
   2.00389   3.17854  -0.07317    63.73500    64.07311    -0.33812
   0.41644   4.44449  -1.14127    60.96293    61.29250    -0.32957
  -0.62488   4.44449  -1.14127    65.96045    66.46373    -0.50328
  -0.37126   4.02063  -2.10359    64.82792    65.41797    -0.59004
  -0.10422   2.16333  -3.00722    71.83750    73.05049    -1.21299
   2.08324   1.43013   3.84041    55.99746    57.21572    -1.21826
   3.14110   1.54277   3.17446    52.03996    53.31238    -1.27242
   1.29554   2.38561   3.17446    63.23382    64.90321    -1.66939
   4.75494   0.10077  -1.12057    47.32912    47.72909    -0.39997
   4.29151   0.10077  -2.08290    48.60105    48.68452    -0.08347
   3.99364  -0.91369  -2.08290    50.23480    50.65825    -0.42345
  -3.71428   0.29572   2.35779   122.68777   121.85927     0.82850
  -3.19362  -0.60609   2.35779   120.34084   118.75469     1.58615
  -5.01278   0.29572   0.72951   124.13731   125.33370    -1.19639
  -5.01278   0.29572  -0.33859   121.02509   123.07438    -2.04929
  -4.47335  -0.23292  -1.30091   122.63219   124.62191    -1.98973
  -2.94000  -1.56158  -1.30091   124.04845   123.61865     0.42980
  -1.29009  -3.90840  -0.29398    75.04586    73.77898     1.26688
  -0.26244  -3.90840  -0.29398    68.01208    68.25614    -0.24406
  -2.69627  -2.32702  -1.25398   104.18000   102.45627     1.72373
  -2.43903  -3.28702  -1.25398    84.59995    82.59412     2.00583
  -1.73626  -3.98979  -1.25398    72.34466    70.99409     1.35057
  -0.77626  -4.24702  -1.25398    64.90230    65.08425    -0.18196
  -2.43903  -2.32702  -2.21398    88.43936    87.98712     0.45224
  -2.12147  -3.30437  -2.21398    75.01320    74.08137     0.93183
  -1.29009  -3.90840  -2.21398    65.82801    65.79992     0.02809
  -0.26244  -3.90840  -2.21398    60.60414    62.57573    -1.97159
  -1.73626  -2.32702  -2.91674    76.25334    77.08848    -0.83514
  -1.25626  -3.15840  -2.91674    66.89680    67.79947    -0.90267
   2.22124  -2.97686  -0.80973    60.30703    61.86627    -1.55924
   2.79604  -1.99951  -1.76973    58.55223    59.23306    -0.68083
   0.87604  -3.91951  -1.76973    57.54194    59.54715    -2.00521
   1.83604  -3.66228  -1.76973    56.10030    56.78869    -0.68840
   2.53881  -2.95951  -1.76973    56.70317    56.78641    -0.08324
   2.53881  -1.99951  -2.72973    58.60964    57.27432     1.33532
   0.36221  -3.58090  -2.72973    58.02266    60.17627    -2.15361
   1.38986  -3.58090  -2.72973    55.52307    55.92022    -0.39715
   2.22124  -2.97686  -2.72973    55.85062    55.03117     0.81945
   1.83604  -1.99951  -3.43250    59.18078    57.76160     1.41919
   1.35604  -1.16813  -3.43250    65.88129    63.82020     2.06109
   0.39604  -2.83090  -3.43250    59.21220    60.51327    -1.30107
   1.35604  -2.83090  -3.43250    56.86255    56.55378     0.30877
   0.87604  -1.99951  -3.68973    60.96031    60.87001     0.09030
   1.63095   1.13797  -3.38549    65.64779    62.82729     2.82050
   0.79957   1.74201  -3.38549    67.85356    66.41314     1.44041
  -0.22808   1.74201  -3.38549    71.79541    72.89949    -1.10409
   1.63095  -0.81673  -3.38549    66.66097    63.45953     3.20143
   1.24575   0.16062  -4.08826    63.51772    60.89394     2.62377
   0.76575   0.99201  -4.08826    64.61110    62.77684     1.83426
  -0.19425   0.99201  -4.08826    67.58846    67.91831    -0.32985
  -0.67425   0.16062  -4.08826    69.60901    71.30681    -1.69780
  -0.19425  -0.67076  -4.08826    66.74057    67.44550    -0.70493
   0.76575  -0.67076  -4.08826    63.97092    62.67717     1.29376
   0.28575   0.16062  -4.34549    64.46767    63.64951     0.81816
  -3.04599  -1.11075  -2.00728   116.01223   116.11253    -0.10030
  -1.89704   1.43063  -2.96728    91.81300    93.63590    -1.82290
  -2.72842   0.82660  -2.96728   101.31502   101.30312     0.01190
  -3.04599  -0.15075  -2.96728   100.41977   100.03135     0.38842
  -2.72842  -1.12810  -2.96728    91.51590    91.65968    -0.14378
  -1.89704  -1.73214  -2.96728    82.20676    83.30086    -1.09409
  -1.86322   0.68063  -3.67005    80.89366    82.68350    -1.78984
  -2.34322  -0.15075  -3.67005    82.76057    83.47085    -0.71028
  -1.86322  -0.98214  -3.67005    77.29614    78.53292    -1.23678
  -1.38322  -0.15075  -3.92728    74.19410    76.32865    -2.13455
  -2.05898  -2.78483   2.54687    81.56587    82.97290    -1.40703
  -3.24175  -1.95344   1.84411   110.87071   109.37034     1.50036
  -2.92419  -2.93079   1.84411    89.57769    88.89914     0.67855
  -2.09280  -3.53483   1.84411    78.57648    78.29481     0.28166
  -1.06516  -3.53483   1.84411    74.36813    74.15360     0.21453
  -3.24175  -2.91344   0.88411    99.34699    97.13485     2.21214
  -2.53898  -3.61621   0.88411    84.18388    82.56440     1.61947
  -1.57898  -3.87344   0.88411    76.92057    75.74007     1.18050
  -0.61898  -3.61621   0.88411    74.74141    73.39013     1.35129
  -2.92419  -2.93079  -0.07589   101.07403    98.53294     2.54109
  -2.09280  -3.53483  -0.07589    86.01608    83.84369     2.17239
  -0.61456  -1.26539   4.10907    73.81651    74.17539    -0.35888
   0.34544  -1.26539   3.85183    70.88478    71.63963    -0.75485
  -0.13456  -0.43400   3.85183    77.94813    78.35310    -0.40497
  -1.09456  -0.43400   3.85183    82.97928    83.63855    -0.65928
  -1.57456  -1.26539   3.85183    79.68042    80.54423    -0.86381
  -1.09456  -2.09677   3.85183    72.81457    73.53769    -0.72312
  -0.13456  -2.09677   3.85183    69.35547    69.78304    -0.42757
  -1.95977  -0.28803   3.14907    99.37137   100.52586    -1.15449
  -2.27733  -1.26539   3.14907    91.39373    92.55015    -1.15642
  -1.95977  -2.24274   3.14907    80.56484    82.25231    -1.68747
  -1.12839  -2.84677   3.14907    72.57676    73.77566    -1.19890
  -0.10074  -2.84677   3.14907    68.72812    69.38096    -0.65284
   0.73064  -2.24274   3.14907    68.36129    69.30503    -0.94373
   1.10831  -2.22029   2.60737    68.95855    70.34006    -1.38151
   2.06831  -2.22029   2.35014    63.74620    64.60848    -0.86228
   0.62831  -3.05168   2.35014    67.65305    67.88245    -0.22940
   1.58831  -3.05168   2.35014    62.38070    62.39043    -0.00972
   2.77108  -2.22029   1.64737    61.60898    62.13594    -0.52696
   0.59448  -3.80168   1.64737    64.37822    63.94276     0.43546
   1.62213  -3.80168   1.64737    59.96823    59.19123     0.77700
   2.45352  -3.19764   1.64737    59.07478    58.55572     0.51906
   0.14831  -3.88306   0.68737    67.03722    66.75642     0.28080
   1.10831  -4.14029   0.68737    60.68225    60.42292     0.25933
   2.06831  -3.88306   0.68737    58.23867    57.71933     0.51934
   2.77108  -3.18029   0.68737    58.23593    58.11166     0.12428
   0.59448  -3.80168  -0.27263    64.08109    65.15644    -1.07534
   1.62213  -3.80168  -0.27263    59.53457    60.36675    -0.83218
   2.45352  -3.19764  -0.27263    58.88422    59.81079    -0.92657
  -1.21821   0.91365   3.51342    91.76927    92.01560    -0.24632
  -0.73821   1.74503   3.25619    88.80211    88.85641    -0.05430
  -1.69821   1.74503   3.25619    93.90679    94.02287    -0.11608
  -2.17821   0.91365   3.25619   100.07260   100.51113    -0.43853
  -1.69821   0.08227   3.25619    98.45000    99.72234    -1.27234
  -0.70438   2.49504   2.55342    89.40848    90.48872    -1.08024
  -1.73203   2.49504   2.55342    96.97541    97.49680    -0.52139
  -2.56341   1.89100   2.55342   110.91831   110.67481     0.24350
  -2.88097   0.91365   2.55342   122.20353   121.61005     0.59349
  -2.17821   2.57642   1.59342   113.44944   114.18810    -0.73866
   0.03990   2.73976   2.23332    81.13195    82.48424    -1.35229
   0.51990   3.57114   1.97609    70.29889    70.02253     0.27635
  -0.44010   3.57114   1.97609    76.98735    77.03803    -0.05069
   1.38511   3.71711   1.27332    64.81130    64.36721     0.44409
   0.55373   4.32115   1.27332    64.95781    64.38585     0.57197
  -0.47392   4.32115   1.27332    70.20638    70.08136     0.12502
  -1.30531   3.71711   1.27332    82.46464    83.43527    -0.97064
   1.70267   3.69976   0.31332    62.18152    62.63265    -0.45113
   0.99990   4.40253   0.31332    61.22529    61.40963    -0.18434
   0.03990   4.65976   0.31332    63.96010    64.19412    -0.23401
  -0.92010   4.40253   0.31332    70.91946    71.86971    -0.95025
  -1.54175   4.11396  -0.11202    77.28620    78.54593    -1.25973
  -2.37313   3.50992  -0.11202    93.72329    94.22980    -0.50652
  -1.02793   4.45257  -1.07202    68.17242    68.61917    -0.44675
  -1.98793   4.19534  -1.07202    76.03060    75.81450     0.21610
  -2.69069   3.49257  -1.07202    90.58241    89.90053     0.68189
  -2.94793   2.53257  -1.07202   116.47607   116.28797     0.18810
  -0.51410   4.11396  -2.03202    65.11643    65.61411    -0.49768
  -1.54175   4.11396  -2.03202    70.43369    70.09727     0.33642
  -2.37313   3.50992  -2.03202    81.44977    80.48467     0.96510
  -2.69069   2.53257  -2.03202    99.73177    98.97795     0.75382
  -0.54792   3.36396  -2.73479    67.40834    68.39605    -0.98771
  -1.50793   3.36396  -2.73479    73.01414    72.98347     0.03067
  -1.98793   2.53257  -2.73479    84.92527    84.99441    -0.06914
  -1.50793   1.70119  -2.73479    90.37279    92.60941    -2.23661
  -1.02793   2.53257  -2.99202    74.97414    76.29341    -1.31927
   2.06431   3.38375  -0.32300    61.81320    61.82668    -0.01348
   2.38187   3.36640  -1.28300    59.67885    57.99242     1.68642
   1.67910   4.06917  -1.28300    58.35600    57.65575     0.70025
   0.71910   4.32640  -1.28300    60.39264    60.49541    -0.10277
   2.38187   2.40640  -2.24300    61.60356    59.46955     2.13402
   2.06431   3.38375  -2.24300    58.93590    56.77212     2.16378
   1.23293   3.98779  -2.24300    58.65649    57.54982     1.10667
   0.20528   3.98779  -2.24300    62.02399    62.27653    -0.25254
   1.67910   2.40640  -2.94577    62.80266    60.64925     2.15341
   1.19910   3.23778  -2.94577    60.60234    59.10636     1.49598
   0.23910   3.23778  -2.94577    63.68956    63.90464    -0.21508
   0.71910   2.40640  -3.20300    65.66504    64.84373     0.82131
   2.49912   2.35073   3.26764    54.83187    55.46301    -0.63114
   1.53912   2.35073   3.26764    60.95093    62.39521    -1.44428
   3.68189   1.51935   2.56487    50.80671    52.16396    -1.35725
   3.36432   2.49670   2.56487    52.50493    52.34231     0.16261
   2.53294   3.10074   2.56487    56.34532    55.77478     0.57054
   1.50529   3.10074   2.56487    62.68700    63.08847    -0.40148
   3.93912   1.51935   1.60487    51.78640    52.93069    -1.14428
   3.68189   2.47935   1.60487    53.50740    52.86647     0.64093
   2.97912   3.18212   1.60487    56.68041    55.31513     1.36528
   2.01912   3.43935   1.60487    61.81751    60.91594     0.90158
   2.53294   3.10074   0.64487    61.87081    60.69559     1.17522
   2.28598  -0.15429   4.05273    55.75140    56.65208    -0.90068
   3.24598  -0.15429   3.79550    52.18534    52.08457     0.10077
   2.76598   0.67709   3.79550    53.24948    54.21267    -0.96320
   1.80598  -0.98568   3.79550    59.96015    61.13178    -1.17163
   2.76598  -0.98568   3.79550    55.01538    54.71383     0.30155
   3.94874  -0.15429   3.09273    50.93115    50.59445     0.33670
   3.63118   0.82306   3.09273    50.56300    51.68724    -1.12425
   1.77215  -1.73568   3.09273    63.23302    64.29731    -1.06429
   2.79980  -1.73568   3.09273    57.35297    56.77338     0.57959
   3.63118  -1.13164   3.09273    53.43182    52.28165     1.15017
   4.20598  -0.15429   2.13273    51.58806    51.72827    -0.14020
   3.94874   0.80571   2.13273    50.82521    52.56446    -1.73925
   3.24598  -1.81706   2.13273    58.20244    57.62029     0.58214
   3.94874  -1.11429   2.13273    54.36450    53.43073     0.93378
   0.73579   0.62566   4.30898    64.90886    65.54426    -0.63540
   1.21579   1.45705   4.05175    61.37941    62.41177    -1.03236
   0.25579   1.45705   4.05175    69.75607    69.99683    -0.24076
  -0.22421   0.62566   4.05175    76.11279    75.99689     0.11590
   0.25579  -0.20572   4.05175    71.90634    72.53216    -0.62582
   1.21579  -0.20572   4.05175    62.82256    64.47819    -1.65563
   0.22196   2.20705   3.34898    73.20623    74.24496    -1.03873
  -0.60942   1.60301   3.34898    87.37035    87.26249     0.10786
   4.49641   1.11075   0.40006    49.35517    50.52900    -1.17383
   4.17885   2.08810   0.40006    52.21606    51.60354     0.61252
   3.34746   2.69214   0.40006    58.11012    56.40486     1.70526
   4.75364   1.11075  -0.55994    47.77729    48.24329    -0.46600
   4.49641   2.07075  -0.55994    49.95299    48.98078     0.97221
   3.79364   2.77352  -0.55994    54.03412    52.13030     1.90382
   2.83364   3.03075  -0.55994    59.92672    58.16541     1.76131
   4.49641   1.11075  -1.51994    48.43214    48.38305     0.04909
   4.17885   2.08810  -1.51994    50.69620    49.55872     1.13749
   3.34746   2.69214  -1.51994    55.62561    53.76595     1.85966
   3.31364   1.94213  -2.22271    54.60157    53.81979     0.78178
   2.35364   1.94213  -2.22271    62.99408    61.54791     1.44618
   3.91043  -0.13631  -2.59952    50.46908    50.17046     0.29863
   3.59287   0.84104  -2.59952    52.25847    51.99693     0.26153
   2.76148   1.44508  -2.59952    58.10139    57.57329     0.52811
   1.73384   1.44508  -2.59952    68.96190    66.75716     2.20474
   2.76148  -1.71770  -2.59952    58.14551    57.13605     1.00946
   3.59287  -1.11366  -2.59952    52.17627    51.92613     0.25014
   3.20766  -0.13631  -3.30229    54.35174    52.74230     1.60944
   2.72766   0.69507  -3.30229    57.62787    55.80950     1.81837
   1.76766  -0.96770  -3.30229    65.82088    62.75277     3.06811
   2.72766  -0.96770  -3.30229    57.59135    55.51002     2.08133
   2.24766  -0.13631  -3.55952    61.42870    58.35821     3.07049
   4.12815  -0.60055   1.44640    54.30840    54.05542     0.25298
   3.64815  -1.43193   1.44640    58.28701    57.51988     0.76713
   4.83092  -0.60055   0.74363    49.62780    49.17148     0.45631
   4.51336   0.37680   0.74363    49.60825    50.95389    -1.34564
   3.68197  -2.18193   0.74363    56.43719    55.77885     0.65834
   4.51336  -1.57790   0.74363    51.97117    50.64936     1.32181
   5.08815  -0.60055  -0.21637    47.58817    47.15291     0.43526
   4.83092   0.35945  -0.21637    47.52189    48.46688    -0.94499
   3.16815  -2.52055  -0.21637    57.72064    58.28222    -0.56158
   4.12815  -2.26332  -0.21637    52.51462    51.61252     0.90210
   4.83092  -1.56055  -0.21637    49.39100    48.17954     1.21146
   4.83092  -0.60055  -1.17637    47.43815    47.39976     0.03838
   3.68197  -2.18193  -1.17637    52.99804    53.34207    -0.34403
   4.51336  -1.57790  -1.17637    49.19556    48.83419     0.36137
  -4.11561  -0.59243   2.02369   120.39415   119.58158     0.81256
  -3.63561  -1.42381   2.02369   115.08436   113.37536     1.70899
  -4.81838  -0.59243   1.32092   118.69982   118.47059     0.22923
  -4.50082  -1.56978   1.32092   112.80923   110.93317     1.87606
  -3.66943  -2.17382   1.32092   113.02587   110.46986     2.55601
  -5.07561  -0.59243   0.36092   118.49129   118.93083    -0.43954
  -4.81838  -1.55243   0.36092   112.89934   111.48980     1.40955
  -4.11561  -2.25520   0.36092   112.15372   109.57085     2.58288
  -4.81838  -0.59243  -0.59908   121.25411   122.58004    -1.32592
  -4.50082  -1.56978  -0.59908   115.03704   114.36220     0.67485
  -3.66943  -2.17382  -0.59908   114.94378   113.06040     1.88338
  -3.63561  -1.42381  -1.30185   122.26753   122.53989    -0.27236
  -3.19751   2.05827  -1.77529   115.39959   115.33727     0.06232
  -4.02890   1.45424  -1.77529   115.97203   116.71071    -0.73868
  -4.34646   0.47688  -1.77529   117.26808   118.45914    -1.19106
  -4.02890  -0.50047  -1.77529   120.10240   121.26072    -1.15832
  -3.19751  -1.10450  -1.77529   122.13231   122.56286    -0.43055
  -3.16369   1.30827  -2.47806   111.29419   110.88106     0.41313
  -3.64369   0.47688  -2.47806   112.39614   112.12813     0.26801
  -3.22485   1.03101   2.56656   119.45531   118.50728     0.94802
  -2.74485   1.86240   2.30932   119.38597   118.66185     0.72411
  -3.70485   1.86240   2.30932   113.47646   111.75603     1.72044
  -4.18485   1.03101   2.30932   115.41714   114.21792     1.19922
  -2.71103   2.61240   1.60656   115.86039   115.19764     0.66275
  -3.73868   2.61240   1.60656   111.67142   109.77407     1.89735
  -4.57006   2.00837   1.60656   111.39027   109.56647     1.82381
  -4.88762   1.03101   1.60656   114.94920   114.20640     0.74280
  -2.26485   2.69378   0.64656   118.60400   119.26955    -0.66555
  -3.22485   2.95101   0.64656   113.79081   112.93693     0.85388
  -4.18485   2.69378   0.64656   111.95764   110.61205     1.34559
  -4.88762   1.99101   0.64656   112.70007   111.81856     0.88151
  -5.14485   1.03101   0.64656   117.07724   117.41540    -0.33816
  -3.73868   2.61240  -0.31344   117.65429   117.77424    -0.11996
  -4.57006   2.00837  -0.31344   117.45584   118.03713    -0.58128
   0.05361  -4.32005  -1.15997    59.96634    61.25577    -1.28943
   1.08685  -4.11453  -1.15997    57.04944    58.58005    -1.53061
  -0.21810  -3.50981  -3.06915    58.73871    60.58576    -1.84705
  -0.46301  -2.51487  -3.65444    62.14520    63.57787    -1.43267
  -0.87312  -1.07621  -4.10845    67.05140    68.39983    -1.34842
  -2.64883  -0.66268   3.02657   100.03800   100.14367    -0.10567
  -2.64883  -1.73844   3.02657    88.53655    89.34628    -0.80974
  -2.06722  -2.64343   3.02657    77.60805    78.95377    -1.34572
  -0.26190  -3.63249   2.15063    67.47122    67.39948     0.07175
  -0.54812  -3.90462   0.30139    70.75386    70.11095     0.64291
  -1.65950   4.11359   0.42603    78.26331    79.49201    -1.22869
   0.92902   4.65780  -0.60722    58.00401    58.37642    -0.37241
  -0.10422   4.86333  -0.60722    60.85831    61.36996    -0.51165
  -1.13747   4.65780  -0.60722    67.26862    67.95038    -0.68176
   0.45085   4.59526  -1.64046    58.39861    58.56735    -0.16874
  -0.65929   4.59526  -1.64046    62.92378    63.29973    -0.37594
  -0.37593   4.05308  -2.51641    62.41629    62.93009    -0.51380
  -0.10422   2.16333  -3.30722    69.26846    70.15539    -0.88693
   2.59582   0.52832   4.17256    52.57736    53.50007    -0.92272
   2.07920   1.42313   4.17256    54.34966    55.42497    -1.07531
   3.16869   1.56050   3.58728    50.36791    51.39101    -1.02311
   1.29087   2.41807   3.58728    60.51285    61.78129    -1.26844
   4.90959   0.10077  -1.61977    45.75905    45.97402    -0.21497
   4.32430   0.10077  -2.49571    47.72316    47.66501     0.05816
   4.02122   1.13295  -2.49571    49.28878    49.11124     0.17754
  -3.70620   0.29572   2.68994   110.69089   110.01698     0.67391
  -3.18958  -0.59910   2.68994   109.01720   108.18399     0.83321
  -4.50481  -0.24216   2.10465   111.83241   111.48941     0.34300
  -5.37296   0.29572   0.19546   110.57895   111.67281    -1.09385
  -3.22803   2.72765  -0.83778   111.74392   111.90317    -0.15926
  -4.22824   2.24598  -0.83778   112.27373   113.12036    -0.84663
  -4.92040   1.37803  -0.83778   110.58954   111.97322    -1.38368
  -5.16743   0.29572  -0.83778   109.36741   110.91205    -1.54464
  -3.92321  -1.14715  -1.71373   112.55315   113.19434    -0.64119
  -1.04248  -4.17859  -0.17398    69.78559    69.12819     0.65740
  -2.87350  -2.84394  -1.25398    92.25697    90.68852     1.56844
  -2.39305  -3.75936  -1.25398    76.27081    74.86244     1.40836
  -1.54221  -4.34665  -1.25398    66.67032    66.01972     0.65060
  -0.51591  -4.47127  -1.25398    61.19167    61.76952    -0.57785
  -2.57111  -2.85403  -2.33398    79.28877    78.75920     0.52957
  -2.00126  -3.74073  -2.33398    68.24901    67.79625     0.45276
  -1.04248  -4.17859  -2.33398    61.28630    61.77232    -0.48603
  -1.85626  -2.32702  -3.12459    73.99303    74.80776    -0.81472
  -1.31626  -3.26232  -3.12459    64.35015    65.19918    -0.84903
   1.13640  -4.14376  -1.76973    55.19528    56.60279    -1.40752
   2.10306  -3.77716  -1.76973    53.89654    54.47079    -0.57425
   2.78862  -3.00331  -1.76973    54.47066    54.71247    -0.24181
   2.74665  -1.99951  -2.84973    55.98082    55.02748     0.95334
   0.60982  -3.85109  -2.84973    55.17586    56.59628    -1.42042
   1.65312  -3.70108  -2.84973    53.06494    53.32340    -0.25846
   2.44970  -3.01084  -2.84973    53.37145    52.84493     0.52652
   1.95604  -1.99951  -3.64034    56.66541    55.56259     1.10282
   0.33604  -2.93482  -3.64034    57.45018    58.56941    -1.11923
   1.41604  -2.93482  -3.64034    54.48433    54.37023     0.11410
   0.87604  -1.99951  -3.92973    58.92914    58.88894     0.04020
   1.85941   1.17195  -3.50549    62.25735    59.99879     2.25856
   1.06283   1.86219  -3.50549    64.46911    63.03089     1.43822
   0.01953   2.01220  -3.50549    67.98875    68.45860    -0.46984
   1.36575   0.16062  -4.29610    60.22266    58.23228     1.99038
   0.82575   1.09593  -4.29610    61.47783    60.14599     1.33185
  -0.25425   1.09593  -4.29610    65.01079    65.40417    -0.39337
  -0.79425   0.16062  -4.29610    67.45622    68.89507    -1.43885
  -0.25425  -0.77469  -4.29610    64.28852    64.97696    -0.68844
   0.82575  -0.77469  -4.29610    61.02109    60.08725     0.93384
   0.28575   0.16062  -4.58549    61.55337    61.03957     0.51380
  -3.00000  -1.58310  -2.00728   105.25692   105.26030    -0.00338
  -1.64943   1.70082  -3.08728    84.92841    86.82279    -1.89438
  -2.60821   1.26296  -3.08728    93.89314    94.41309    -0.51995
  -3.17806   0.37626  -3.08728    97.15080    97.03877     0.11203
  -3.17806  -0.67777  -3.08728    92.02635    92.06904    -0.04270
  -2.60821  -1.56447  -3.08728    83.84744    84.30087    -0.45343
  -1.92322   0.78456  -3.87790    77.03380    78.53144    -1.49764
  -2.46322  -0.15075  -3.87790    78.55554    79.28332    -0.72778
  -1.92322  -1.08606  -3.87790    73.54559    74.65133    -1.10574
  -1.38322  -0.15075  -4.16728    70.75639    72.47213    -1.71574
  -3.37382  -2.48046   1.96411    95.08508    94.19293     0.89215
  -2.80397  -3.36716   1.96411    80.26760    79.85831     0.40928
  -1.84520  -3.80502   1.96411    72.82578    72.71629     0.10950
  -3.19576  -3.38579   0.88411    87.28224    85.72545     1.55678
  -2.34493  -3.97308   0.88411    76.86233    75.71996     1.14238
  -1.31862  -4.09769   0.88411    71.96025    71.12967     0.83058
  -2.80397  -3.36716  -0.19589    89.21082    87.26609     1.94474
  -0.61456  -1.26539   4.34907    70.08394    70.55375    -0.46981
   0.46544  -1.26539   4.05968    67.21808    68.07574    -0.85767
  -1.15456  -0.33008   4.05968    79.55132    80.16851    -0.61719
  -1.69456  -1.26539   4.05968    76.34995    77.11626    -0.76630
  -1.15456  -2.20069   4.05968    69.31701    70.01369    -0.69668
  -0.07456  -2.20069   4.05968    65.72745    66.24588    -0.51842
  -2.40941  -0.73837   3.26907    93.81248    94.44859    -0.63612
  -2.40941  -1.79240   3.26907    83.94022    85.03330    -1.09308
  -1.83956  -2.67910   3.26907    74.32178    75.56543    -1.24365
  -0.88078  -3.11696   3.26907    67.97531    68.80456    -0.82924
   0.16252  -2.96696   3.26907    65.18646    65.77694    -0.59048
   0.95910  -2.27672   3.26907    65.25954    66.21612    -0.95658
   0.56831  -3.15560   2.55799    65.80483    66.14357    -0.33875
   1.64831  -3.15560   2.55799    59.93554    60.08181    -0.14627
   2.97892  -2.22029   1.76737    59.36925    59.61607    -0.24682
   0.84209  -4.07187   1.76737    60.34834    60.05288     0.29546
   1.88539  -3.92186   1.76737    56.81484    56.35591     0.45893
   2.68197  -3.23162   1.76737    56.40218    56.16995     0.23223
   0.34236  -4.23993   0.68737    62.54346    62.48638     0.05708
   1.36867  -4.36454   0.68737    57.33018    57.20334     0.12684
   2.33533  -3.99794   0.68737    55.33580    55.10788     0.22792
   3.02089  -3.22409   0.68737    55.70735    55.73186    -0.02450
   1.88539  -3.92186  -0.39263    56.88284    57.66338    -0.78054
   2.68197  -3.23162  -0.39263    56.69275    57.54095    -0.84820
  -1.21821   0.91365   3.75342    86.19562    86.47831    -0.28269
  -1.75821   1.84896   3.46403    88.16899    88.35228    -0.18328
  -2.29821   0.91365   3.46403    94.49069    94.82272    -0.33203
  -0.44112   2.61522   2.67342    83.20615    84.33942    -1.13328
  -1.48442   2.76523   2.67342    88.64239    89.25779    -0.61540
  -2.44320   2.32737   2.67342    99.45660    99.43597     0.02063
  -1.98415   2.93329   1.59342   101.36157   102.41875    -1.05718
   0.03990   2.73976   2.47332    78.70574    80.12534    -1.41960
   0.57990   3.67507   2.18394    67.28077    67.32454    -0.04377
  -0.50010   3.67507   2.18394    74.24373    74.51905    -0.27532
   1.61356   3.75109   1.39332    62.38826    62.01969     0.36857
   0.81698   4.44133   1.39332    61.59556    61.30504     0.29052
  -0.22631   4.59133   1.39332    65.33842    65.26881     0.06961
  -1.18509   4.15348   1.39332    74.60863    75.16203    -0.55340
  -1.75494   3.26677   1.39332    93.14324    94.43485    -1.29160
   1.95249   3.74356   0.31332    60.28235    60.45100    -0.16865
   1.26692   4.51741   0.31332    58.62113    58.81470    -0.19357
   0.30026   4.88401   0.31332    60.42077    60.65007    -0.22929
  -0.72604   4.75940   0.31332    65.85086    66.46775    -0.61689
  -2.25292   3.94629   0.00798    83.67328    84.35113    -0.67785
  -2.82277   3.05958   0.00798   108.70980   108.79966    -0.08986
  -1.79387   4.55221  -1.07202    69.91294    70.05158    -0.13863
  -2.64471   3.96492  -1.07202    80.73115    80.44070     0.29045
  -3.12516   3.04949  -1.07202   100.04973    99.81481     0.23492
  -1.29414   4.38415  -2.15202    65.34416    65.39878    -0.05462
  -2.25292   3.94629  -2.15202    73.25953    72.80330     0.45623
  -2.82277   3.05958  -2.15202    86.96743    86.44786     0.51957
  -0.48792   3.46788  -2.94264    64.83059    65.59711    -0.76652
  -1.56793   3.46788  -2.94264    69.81749    69.94940    -0.13192
  -2.10793   2.53257  -2.94264    81.72260    82.00364    -0.28104
  -1.02793   2.53257  -3.23202    72.25646    73.44988    -1.19341
   2.29276   3.41773  -0.20300    60.32004    60.02619     0.29385
   2.63169   3.41020  -1.28300    57.37102    55.91858     1.45244
   1.94612   4.18405  -1.28300    55.96626    55.32839     0.63788
   0.97946   4.55065  -1.28300    57.51711    57.56371    -0.04660
   2.58972   2.40640  -2.36300    58.81197    57.20292     1.60905
   2.29276   3.41773  -2.36300    56.25194    54.57727     1.67467
   1.49618   4.10797  -2.36300    55.89132    54.92397     0.96734
   0.45289   4.25798  -2.36300    58.55565    58.53787     0.01778
   1.79910   2.40640  -3.15361    60.12344    58.43447     1.68896
   1.25910   3.34171  -3.15361    57.99455    56.89856     1.09599
   0.17910   3.34171  -3.15361    61.76367    61.99215    -0.22848
   0.71910   2.40640  -3.44300    63.51591    62.87528     0.64063
   2.55912   2.45466   3.47548    53.05697    53.71076    -0.65379
   3.88973   1.51935   2.68487    49.23687    50.37253    -1.13566
   3.59278   2.53068   2.68487    50.14676    50.25173    -0.10497
   2.79620   3.22092   2.68487    53.25399    52.95250     0.30149
   1.75290   3.37092   2.68487    58.78346    58.93791    -0.15444
   0.79412   2.93307   2.68487    67.91896    69.21025    -1.29130
   4.17912   1.51935   1.60487    50.09084    51.09511    -1.00428
   3.93170   2.52315   1.60487    51.09706    50.79396     0.30310
   3.24614   3.29700   1.60487    53.65536    52.74777     0.90759
   2.27948   3.66360   1.60487    58.10006    57.40012     0.69994
   2.79620   3.22092   0.52487    58.87087    57.81038     1.06049
   2.28598  -0.15429   4.29273    54.22023    55.09478    -0.87455
   3.36598  -0.15429   4.00334    50.15065    50.26141    -0.11075
   1.74598  -1.08960   4.00334    58.65466    59.72511    -1.07045
   2.82598  -1.08960   4.00334    52.92388    52.89335     0.03053
   4.15659  -0.15429   3.21273    48.77827    48.69006     0.08821
   3.85964   0.85704   3.21273    48.85002    49.75184    -0.90182
   2.01976  -2.00587   3.21273    59.78844    60.40207    -0.61363
   3.06306  -1.85586   3.21273    54.25507    53.83994     0.41513
   3.85964  -1.16562   3.21273    50.73301    50.04751     0.68550
   4.44598  -0.15429   2.13273    49.61869    49.85435    -0.23566
   3.51300  -1.93194   2.13273    55.31740    54.86785     0.44954
   4.19856  -1.15809   2.13273    51.85454    51.25957     0.59497
   0.73579   0.62566   4.54898    62.32479    63.01080    -0.68601
   1.27579   1.56097   4.25960    59.01023    59.98394    -0.97371
   0.19579   1.56097   4.25960    67.04508    67.44015    -0.39507
  -0.34421   0.62566   4.25960    73.33200    73.48682    -0.15483
   0.19579  -0.30964   4.25960    69.35551    70.02848    -0.67297
   1.27579  -0.30964   4.25960    60.67320    62.06707    -1.39387
   0.46957   2.47724   3.46898    67.65290    68.78713    -1.13423
  -0.48920   2.03938   3.46898    79.62784    80.05356    -0.42573
   4.70426   1.11075   0.52006    48.00542    48.98238    -0.97696
   4.40730   2.12208   0.52006    49.91944    49.65933     0.26012
   3.61072   2.81232   0.52006    54.79635    53.59214     1.20421
   4.99364   1.11075  -0.55994    46.24290    46.64449    -0.40159
   4.74623   2.11455  -0.55994    47.67879    47.09001     0.58878
   4.06066   2.88840  -0.55994    51.04199    49.71243     1.32956
   3.09400   3.25500  -0.55994    56.29529    54.88204     1.41325
   4.70426   1.11075  -1.63994    46.85026    46.84322     0.00704
   4.40730   2.12208  -1.63994    48.40052    47.62650     0.77402
   3.61072   2.81232  -1.63994    52.44836    51.06110     1.38727
   3.37364   2.04606  -2.43056    53.07561    52.32339     0.75222
   4.11828  -0.13631  -2.71952    48.65676    48.43677     0.21999
   3.02474  -1.83788  -2.71952    54.68907    54.09193     0.59714
   3.82132  -1.14764  -2.71952    50.01009    49.82795     0.18213
   3.32766  -0.13631  -3.51013    52.10997    50.85897     1.25099
   2.78766   0.79900  -3.51013    55.51553    54.00983     1.50570
   2.78766  -1.07162  -3.51013    55.21883    53.62231     1.59653
   2.24766  -0.13631  -3.79952    58.95981    56.53159     2.42822
   5.03877  -0.60055   0.86363    47.70509    47.48527     0.21982
   4.74181   0.41078   0.86363    48.17655    49.18922    -1.01267
   3.94523  -2.30212   0.86363    53.40390    52.84935     0.55455
   4.74181  -1.61188   0.86363    49.48576    48.62528     0.86048
   5.32815  -0.60055  -0.21637    45.70240    45.47901     0.22339
   5.08074   0.40326  -0.21637    46.11263    46.79820    -0.68557
   3.42851  -2.74480  -0.21637    54.62845    54.88272    -0.25427
   4.39517  -2.37819  -0.21637    49.81539    49.18226     0.63313
   5.08074  -1.60435  -0.21637    47.03820    46.26794     0.77026
   5.03877  -0.60055  -1.29637    45.83101    45.86666    -0.03565
   3.94523  -2.30212  -1.29637    50.53931    50.72656    -0.18725
   4.74181  -1.61188  -1.29637    47.15301    46.95654     0.19646
  -4.23561  -0.59243   2.23154   111.19574   110.51449     0.68125
  -3.69561  -1.52774   2.23154   106.04293   104.84537     1.19756
  -4.95045  -1.11944   1.44092   105.76065   104.95710     0.80355
  -4.38060  -2.00614   1.44092   103.02150   101.31281     1.70868
  -5.25284  -1.10935   0.36092   105.83160   105.50532     0.32628
  -4.77239  -2.02477   0.36092   102.83517   101.35728     1.47789
  -3.92155  -2.61206   0.36092   103.47155   101.26758     2.20397
  -4.95045  -1.11944  -0.71908   108.19511   108.49771    -0.30260
  -4.38060  -2.00614  -0.71908   105.18876   104.25837     0.93039
  -3.42182  -2.44400  -0.71908   106.75019   104.98936     1.76084
  -3.90868   1.89060  -1.89529   106.55959   107.00617    -0.44658
  -4.47853   1.00390  -1.89529   107.34837   108.23855    -0.89018
  -4.47853  -0.05013  -1.89529   109.19868   110.22429    -1.02562
  -3.90868  -0.93683  -1.89529   111.96021   112.65096    -0.69075
  -3.22369   1.41219  -2.68590   102.14486   102.04722     0.09764
  -3.76369   0.47688  -2.68590   103.18346   103.15625     0.02721
  -3.22485   1.03101   2.80656   110.44150   109.81043     0.63106
  -3.76485   1.96632   2.51717   104.25177   103.01615     1.23562
  -4.30485   1.03101   2.51717   106.19739   105.28779     0.90960
  -2.44777   2.73259   1.72656   108.36925   108.45927    -0.09002
  -3.49107   2.88259   1.72656   103.10352   101.93859     1.16493
  -4.44985   2.44473   1.72656   101.75956   100.32274     1.43682
  -5.01970   1.55803   1.72656   103.39596   102.43886     0.95709
  -5.01970   0.50400   1.72656   109.29315   109.12807     0.16508
  -2.96449   3.17527   0.64656   105.52203   105.27621     0.24582
  -3.99080   3.05065   0.64656   102.99326   102.10068     0.89258
  -4.84164   2.46336   0.64656   102.76126   101.95959     0.80167
  -5.32209   1.54794   0.64656   105.13295   104.98423     0.14872
  -3.49107   2.88259  -0.43344   109.45914   109.53252    -0.07338
  -4.44985   2.44473  -0.43344   107.71297   108.00049    -0.28751
  -5.01970   1.55803  -0.43344   110.27948   111.26414    -0.98466
   0.32621  -4.56188  -0.63902    58.20995    58.98813    -0.77818
   1.37051  -4.26475  -0.63902    56.15162    57.10875    -0.95713
   0.32621  -4.56188  -1.68091    55.54904    56.78057    -1.23153
  -0.21796  -4.20390  -2.65997    56.33564    57.63902    -1.30339
  -1.79664  -2.16334  -3.45810    71.17532    72.11535    -0.94004
  -0.22083  -3.52879  -3.45810    56.60934    57.90999    -1.30065
  -0.45942  -2.50865  -3.97904    59.82911    60.88834    -1.05923
  -1.61930  -1.63875  -3.91211    68.97274    70.05845    -1.08571
  -1.38255  -0.18140  -4.43305    67.27698    68.58203    -1.30506
  -0.86952  -1.06999  -4.43305    63.65781    64.66269    -1.00487
  -2.66722  -0.65727   3.41551    91.16319    91.50285    -0.33966
  -2.66722  -1.74384   3.41551    82.05871    82.73294    -0.67423
  -3.35827  -1.74073   2.61738    95.40127    95.00218     0.39909
  -1.08855  -3.78440   2.61738    66.45084    66.80103    -0.35019
  -0.01412  -3.67147   2.61738    63.65599    63.86102    -0.20503
  -0.54437  -4.14238   1.63833    65.56109    65.26223     0.29886
  -0.32339  -4.25178   0.82233    65.26824    64.91325     0.35500
  -2.20611   3.69044   0.89278    88.25422    89.07377    -0.81955
   2.07912   4.15371  -0.08627    56.46119    56.45481     0.00638
   1.21268   4.80802  -0.08627    56.30311    56.53050    -0.22739
   0.16838   5.10515  -0.08627    58.52101    58.86382    -0.34281
  -0.91274   5.00497  -0.08627    63.42121    63.99554    -0.57433
   1.21268   4.80802  -1.12816    54.96977    54.99012    -0.02035
   0.16838   5.10515  -1.12816    56.78924    57.07431    -0.28506
  -0.91274   5.00497  -1.12816    61.51591    61.89237    -0.37646
  -0.37579   4.74717  -2.10722    58.72257    58.99444    -0.27187
  -0.37866   4.07206  -2.90535    60.17138    60.53250    -0.36113
  -0.61725   3.05192  -3.42630    64.75754    65.46493    -0.70739
   1.56258   0.52832   4.67809    55.73097    56.68199    -0.95102
   2.58864   0.52832   4.49717    51.01037    51.80207    -0.79170
   2.07561   1.41691   4.49717    52.70851    53.60040    -0.89189
   3.18482   1.57087   3.97622    48.85808    49.66534    -0.80726
   2.36365   2.28242   3.97622    52.06042    52.85218    -0.79176
   1.28814   2.43705   3.97622    58.00283    58.95590    -0.95307
   1.28814  -1.38042   3.97622    61.19253    62.33800    -1.14547
   3.93604   1.58505   3.17809    47.57183    48.39821    -0.82638
   4.78857   1.15750   0.91348    47.29854    48.13094    -0.83241
   5.36954   0.10077  -1.10747    44.00837    44.20504    -0.19667
   5.17003   1.16803  -1.10747    44.79320    44.89452    -0.10132
   5.01319   0.10077  -2.08652    44.52087    44.57406    -0.05319
   4.78857   1.15750  -2.08652    45.55841    45.43985     0.11855
   4.15357  -1.82998  -2.08652    48.21739    48.43147    -0.21408
   4.78857  -0.95596  -2.08652    45.52634    45.61442    -0.08808
   4.34348   0.10077  -2.88466    46.82958    46.59026     0.23931
   4.03736   1.14332  -2.88466    48.22260    47.87791     0.34469
   3.21618   1.85487  -2.88466    52.73902    52.02628     0.71274
  -3.69902   0.29572   3.01454   100.92161   100.43367     0.48793
  -3.18599  -0.59287   3.01454    99.85996    99.48994     0.37002
  -4.52321  -0.24756   2.49360   101.40753   100.97405     0.43348
  -5.21426  -0.24445   1.69546   102.11285   102.01606     0.09679
  -5.57708  -0.24715   0.71641   101.59964   101.94729    -0.34765
  -5.57708   0.83859  -0.32548   100.33277   101.23964    -0.90687
  -5.57708  -0.24715  -0.32548   100.52765   101.30303    -0.77538
  -3.97200   2.54572  -1.30454   102.00085   102.45116    -0.45030
  -4.77485   1.82283  -1.30454   101.23465   102.11999    -0.88534
  -5.21426   0.83589  -1.30454   100.16436   101.28503    -1.12067
  -5.21426  -0.24445  -1.30454   100.31967   101.31658    -0.99691
  -4.77485  -1.23139  -1.30454   102.09856   102.49176    -0.39319
  -3.93577  -1.16164  -2.10267   102.57947   102.96525    -0.38578
  -2.88438  -3.34223  -0.71993    86.62902    84.95761     1.67142
  -2.23512  -4.15637  -0.71993    72.44687    71.29258     1.15429
  -1.29693  -4.60818  -0.71993    64.32835    63.91064     0.41771
  -0.25560  -4.60818  -0.71993    60.16686    60.63967    -0.47282
  -3.11609  -2.32702  -1.78803    94.25065    93.60033     0.65033
  -2.88438  -3.34223  -1.78803    77.79792    76.86590     0.93202
  -2.23512  -4.15637  -1.78803    67.24378    66.55486     0.68892
  -1.29693  -4.60818  -1.78803    60.67875    60.65902     0.01973
  -0.25560  -4.60818  -1.78803    57.09451    58.02004    -0.92553
  -2.57665  -2.85566  -2.75035    74.21606    74.12131     0.09475
  -2.00504  -3.74510  -2.75035    64.72618    64.68993     0.03625
  -1.04330  -4.18431  -2.75035    58.77466    59.39421    -0.61955
  -1.81759  -2.32702  -3.41630    70.41453    71.26925    -0.85473
  -1.29693  -3.22883  -3.41630    62.14201    63.00380    -0.86178
   2.33489  -3.82886  -1.23568    53.44390    54.15740    -0.71351
   2.98415  -3.01472  -1.23568    54.09487    54.73380    -0.63892
   1.39670  -4.28067  -2.30378    52.03457    52.86602    -0.83145
   2.33489  -3.82886  -2.30378    51.08021    51.30304    -0.22283
   2.98415  -3.01472  -2.30378    51.70651    51.63628     0.07023
   2.75243  -1.99951  -3.26610    53.78815    52.85640     0.93175
   0.60900  -3.85681  -3.26610    53.39455    54.40870    -1.01415
   1.65552  -3.70634  -3.26610    51.18140    51.38093    -0.19952
   2.45456  -3.01397  -3.26610    51.32363    50.89364     0.42999
   1.91736  -1.99951  -3.93205    54.67741    53.84313     0.83428
   0.35538  -2.90132  -3.93205    55.82390    56.62705    -0.80315
   1.39670  -2.90132  -3.93205    52.85701    52.81466     0.04234
   0.87604  -1.99951  -4.16973    57.05904    57.01722     0.04182
   1.86427   1.17508  -3.92186    58.67689    56.87663     1.80026
   1.06523   1.86745  -3.92186    60.69317    59.58379     1.10938
   0.01871   2.01792  -3.92186    64.15370    64.36278    -0.20908
   1.86427  -0.85383  -3.92186    59.14689    57.25171     1.89518
   1.32707   0.16062  -4.58781    57.39967    55.97618     1.42349
   0.80641   1.06243  -4.58781    58.65155    57.69369     0.95787
  -0.23491   1.06243  -4.58781    61.94624    62.19254    -0.24630
  -0.75557   0.16062  -4.58781    64.07606    65.03197    -0.95591
  -0.23491  -0.74119  -4.58781    61.40599    61.88031    -0.47432
   0.80641  -0.74119  -4.58781    58.32124    57.63886     0.68238
   0.28575   0.16062  -4.82549    59.00261    58.64923     0.35338
  -3.49133  -1.16597  -2.54133    97.23355    97.39826    -0.16471
  -2.84207  -1.98010  -2.54133    87.96023    88.03682    -0.07659
  -2.61199   1.26733  -3.50366    83.85000    84.52397    -0.67398
  -3.18360   0.37789  -3.50366    86.01376    86.24061    -0.22685
  -3.18360  -0.67939  -3.50366    82.70553    82.95425    -0.24872
  -2.61199  -1.56884  -3.50366    76.85948    77.39002    -0.53055
  -1.90388   0.75106  -4.16961    72.31154    73.56373    -1.25219
  -2.42454  -0.15075  -4.16961    73.31883    74.09732    -0.77849
  -1.90388  -1.05256  -4.16961    69.54914    70.54740    -0.99825
  -3.37937  -2.48208   2.38048    88.04988    87.66124     0.38864
  -2.80776  -3.37153   2.38048    75.94538    75.89969     0.04568
  -1.84602  -3.81074   2.38048    69.67973    69.86582    -0.18609
  -3.68709  -2.96866   1.41816    89.68115    88.37727     1.30388
  -3.03784  -3.78279   1.41816    76.97656    76.12403     0.85253
  -2.09964  -4.23461   1.41816    70.25251    69.67746     0.57505
  -1.05832  -4.23461   1.41816    67.38447    66.96438     0.42008
  -3.68709  -2.96866   0.35006    95.71627    93.81728     1.89899
  -3.03784  -3.78279   0.35006    80.46968    79.09559     1.37409
  -2.09964  -4.23461   0.35006    72.83610    71.77733     1.05877
  -1.05832  -4.23461   0.35006    69.38996    68.68796     0.70200
  -0.61456  -1.26539   4.58907    66.83138    67.31732    -0.48594
   0.42676  -1.26539   4.35139    64.28583    65.03005    -0.74422
  -1.13522  -0.36358   4.35139    74.56004    75.08623    -0.52619
  -1.65588  -1.26539   4.35139    72.07004    72.68420    -0.61416
  -1.13522  -2.16720   4.35139    66.13732    66.72131    -0.58398
  -0.09390  -2.16720   4.35139    62.96332    63.47293    -0.50960
  -2.41495  -0.73674   3.68544    85.52971    86.11819    -0.58848
  -2.41495  -1.79403   3.68544    77.78831    78.57374    -0.78543
  -1.84334  -2.68347   3.68544    69.94705    70.81085    -0.86381
  -0.88160  -3.12268   3.68544    64.54690    65.20346    -0.65656
   0.16492  -2.97222   3.68544    62.06178    62.59551    -0.53373
   0.96396  -2.27984   3.68544    62.09017    62.86186    -0.77169
   1.62897  -3.12210   2.84970    58.56249    58.85918    -0.29669
   0.84127  -4.07759   2.18375    58.73103    58.61563     0.11540
   1.88779  -3.92712   2.18375    55.15299    54.94517     0.20782
   2.68683  -3.23475   2.18375    54.74526    54.66547     0.07979
   0.58765  -4.50146   1.22142    58.68473    58.53555     0.14919
   1.62897  -4.50146   1.22142    54.57437    54.35172     0.22265
   2.56717  -4.04964   1.22142    53.03210    52.79252     0.23957
   3.21642  -3.23551   1.22142    53.61932    53.53830     0.08102
   0.58765  -4.50146   0.15332    58.89565    59.21647    -0.32081
   1.62897  -4.50146   0.15332    54.68426    54.92491    -0.24065
   2.56717  -4.04964   0.15332    53.17474    53.34861    -0.17388
   3.21642  -3.23551   0.15332    53.89365    54.15258    -0.25893
  -1.21821   0.91365   3.99342    81.31084    81.59952    -0.28868
  -1.73887   1.81546   3.75575    82.59602    82.79840    -0.20238
  -2.25953   0.91365   3.75574    87.71636    88.00795    -0.29159
  -0.43872   2.62048   3.08980    78.04457    78.87792    -0.83335
  -1.48524   2.77095   3.08980    82.47333    82.89434    -0.42102
  -2.44698   2.33174   3.08980    90.59755    90.60508    -0.00753
  -3.01859   1.44229   3.08980    99.85749    99.53888     0.31862
  -1.73887   3.19481   2.12747    88.61096    89.35375    -0.74279
   0.56056   3.64157   2.47565    65.78705    66.10549    -0.31843
  -0.48076   3.64157   2.47565    72.31082    72.72047    -0.40965
   0.81939   4.44659   1.80970    60.28746    60.13166     0.15580
  -0.22714   4.59706   1.80970    63.91741    63.93094    -0.01353
  -1.18888   4.15785   1.80970    72.86583    73.29315    -0.42732
  -1.76049   3.26840   1.80970    90.21582    91.13248    -0.91666
   1.49876   4.56911   0.84737    57.02625    56.97163     0.05462
   0.56056   5.02092   0.84737    58.07964    58.10529    -0.02566
  -0.48076   5.02092   0.84737    62.18387    62.44132    -0.25745
  -1.41896   4.56911   0.84737    70.54043    71.19760    -0.65718
  -1.54859   4.81373  -0.53797    67.03094    67.52573    -0.49479
  -2.48678   4.36192  -0.53797    75.63458    75.80493    -0.17035
  -3.13604   3.54778  -0.53797    91.60928    91.54898     0.06031
  -1.54859   4.81373  -1.60607    63.97814    64.08826    -0.11012
  -2.48678   4.36192  -1.60607    71.21652    71.01187     0.20466
  -3.13604   3.54778  -1.60607    83.53289    83.23113     0.30176
  -1.29496   4.38987  -2.56840    62.74411    62.85355    -0.10944
  -2.25670   3.95066  -2.56840    69.48676    69.27917     0.20759
  -2.82831   3.06121  -2.56840    80.97689    80.75738     0.21951
  -1.54859   3.43438  -3.23435    67.14156    67.41422    -0.27266
  -2.06925   2.53257  -3.23435    77.02446    77.49822    -0.47376
  -1.02793   2.53257  -3.47202    69.69443    70.71106    -1.01663
   2.17796   4.23575  -0.74895    54.95707    54.62762     0.32945
   2.82721   3.42161  -1.81705    54.46330    53.08074     1.38256
   2.17796   4.23575  -1.81705    53.31210    52.45281     0.85928
   1.23976   4.68756  -1.81705    54.35242    54.06851     0.28390
   2.59550   2.40640  -2.77937    56.47833    55.12796     1.35038
   2.29763   3.42086  -2.77937    54.10754    52.77333     1.33420
   1.49859   4.11323  -2.77937    53.99220    53.18904     0.80316
   0.45206   4.26370  -2.77937    56.69191    56.62168     0.07023
   1.76042   2.40640  -3.44532    58.17433    56.81313     1.36120
   1.23976   3.30821  -3.44532    56.29223    55.46254     0.82970
   0.19844   3.30821  -3.44532    59.99682    60.10865    -0.11183
   0.71910   2.40640  -3.68300    61.52058    60.96590     0.55469
   3.59764   2.53381   3.10124    48.48362    48.79580    -0.31218
   2.79860   3.22618   3.10124    51.23383    51.29170    -0.05786
   1.75208   3.37665   3.10124    56.44412    56.82111    -0.37699
   4.35894   1.51935   2.13892    47.88277    48.74578    -0.86302
   4.12723   2.53456   2.13892    48.24564    48.29091    -0.04527
   3.47797   3.34870   2.13892    50.23220    49.79076     0.44145
   2.53978   3.80051   2.13892    53.88179    53.45601     0.42577
   1.49846   3.80051   2.13892    60.17195    60.08025     0.09170
   4.12723   2.53456   1.07082    50.52322    50.14659     0.37663
   3.47797   3.34870   1.07082    52.50684    51.69352     0.81332
   2.53978   3.80051   1.07082    56.21216    55.61982     0.59234
   2.28598  -0.15429   4.53273    52.80467    53.58824    -0.78357
   3.32730  -0.15429   4.29505    48.80533    49.06043    -0.25509
   1.76531  -1.05610   4.29505    56.59330    57.48893    -0.89563
   2.80664  -1.05610   4.29505    51.20668    51.38867    -0.18199
   4.16237  -0.15429   3.62910    47.10211    47.12680    -0.02469
   3.86450   0.86016   3.62910    47.54627    48.21173    -0.66546
   2.01894  -2.01159   3.62910    57.14610    57.68029    -0.53419
   3.06546  -1.86112   3.62910    51.89168    51.72267     0.16901
   3.86450  -1.16875   3.62910    48.65411    48.29350     0.36062
   4.62580  -0.15429   2.66678    47.16682    47.27475    -0.10793
   4.39409   0.86092   2.66678    47.26182    48.08517    -0.82334
   2.80664  -2.43545   2.66678    55.92740    55.96429    -0.03689
   3.74483  -1.98364   2.66678    51.48261    51.04721     0.43540
   4.39409  -1.16950   2.66678    48.69834    48.27163     0.42670
   0.73579   0.62566   4.78898    59.99739    60.64939    -0.65199
   1.25645   1.52747   4.55131    57.11625    57.93631    -0.82006
   0.21513   1.52747   4.55131    63.72893    64.16734    -0.43841
  -0.30553   0.62566   4.55131    68.81887    69.11698    -0.29811
   0.21513  -0.27615   4.55131    65.64875    66.28778    -0.63903
   0.46875   2.48296   3.88536    64.01046    64.83066    -0.82020
  -0.49299   2.04375   3.88536    73.48211    73.85979    -0.37768
   0.21513   2.90683   2.92303    71.24999    72.35520    -1.10521
   4.41216   2.12521   0.93643    49.26453    49.27257    -0.00804
   4.94175   2.12596  -0.02589    46.28610    46.03957     0.24652
   4.29250   2.94010  -0.02589    49.12567    48.25531     0.87036
   3.35430   3.39191  -0.02589    53.80640    52.74315     1.06325
   4.94175   2.12596  -1.09399    45.68420    45.20866     0.47553
   4.29250   2.94010  -1.09399    48.33391    47.32438     1.00954
   3.35430   3.39191  -1.09399    52.81909    51.56628     1.25281
   4.41216   2.12521  -2.05632    47.20217    46.60549     0.59668
   3.61312   2.81758  -2.05632    50.91006    49.82462     1.08544
   3.35430   2.01256  -2.72227    52.12062    51.40699     0.71363
   4.12406  -0.13631  -3.13589    47.60476    47.18351     0.42125
   3.82618   0.87815  -3.13589    49.11957    48.62079     0.49879
   3.02714   1.57052  -3.13589    53.65337    52.82374     0.82963
   3.02714  -1.84314  -3.13589    52.93616    52.15221     0.78395
   3.82618  -1.15077  -3.13589    48.80763    48.35794     0.44970
   3.28898  -0.13631  -3.80184    50.86203    49.70185     1.16018
   2.76832   0.76550  -3.80184    53.96155    52.54193     1.41962
   2.76832  -1.03812  -3.80184    53.50206    52.12160     1.38046
   2.24766  -0.13631  -4.03952    56.77674    54.80702     1.96972
   5.04455  -0.60055   1.28000    47.09574    47.01715     0.07859
   4.74668   0.41391   1.28000    47.90627    48.77270    -0.86643
   3.94763  -2.30738   1.28000    52.56037    52.19387     0.36650
   4.74668  -1.61500   1.28000    48.63864    48.07699     0.56165
   5.50798  -0.60055   0.31768    44.63630    44.48342     0.15288
   5.27626   0.41467   0.31768    45.21432    45.74877    -0.53445
   3.68881  -2.88171   0.31768    52.60653    52.54261     0.06392
   4.62701  -2.42990   0.31768    48.16131    47.59441     0.56690
   5.27626  -1.61576   0.31768    45.68139    45.09209     0.58930
   5.50798  -0.60055  -0.75042    43.93487    43.85717     0.07770
   3.68881  -2.88171  -0.75042    51.26537    51.48551    -0.22015
   4.62701  -2.42990  -0.75042    47.15977    46.85190     0.30787
   5.27626  -1.61576  -0.75042    44.84010    44.45384     0.38627
   3.94763  -2.30738  -1.71275    49.38104    49.63623    -0.25519
   4.74668  -1.61500  -1.71275    46.02238    46.03195    -0.00958
  -3.67627  -1.49424   2.52325    99.25300    98.47392     0.77907
  -4.95600  -1.12107   1.85730    98.56144    97.88127     0.68017
  -4.38439  -2.01051   1.85730    95.93123    94.71081     1.22042
  -5.49544  -0.59243   0.89497   101.09203   101.13337    -0.04135
  -5.26372  -1.60764   0.89497    96.15378    95.34247     0.81131
  -4.61447  -2.42178   0.89497    94.80102    93.33263     1.46839
  -5.26372  -1.60764  -0.17313    97.00874    96.55479     0.45395
  -4.61447  -2.42178  -0.17313    95.58980    94.36447     1.22533
  -3.67627  -2.87359  -0.17313    97.14249    95.32490     1.81758
  -4.38439  -2.01051  -1.13545    98.96883    98.48529     0.48355
  -3.42265  -2.44972  -1.13545   100.35267    99.15834     1.19434
  -3.91247   1.89497  -2.31167    97.11183    97.35286    -0.24103
  -4.48408   1.00553  -2.31167    97.77802    98.29747    -0.51945
  -4.48408  -0.05176  -2.31167    99.22849    99.81616    -0.58767
  -3.91247  -0.94120  -2.31167   101.20062   101.56418    -0.36356
  -3.20435   1.37869  -2.97762    94.33883    94.43791    -0.09908
  -3.72501   0.47688  -2.97762    95.21330    95.26202    -0.04872
  -3.74551   1.93282   2.80888    97.19716    96.34270     0.85446
  -4.26618   1.03101   2.80888    98.79530    98.08304     0.71226
  -3.49189   2.88831   2.14293    95.82044    94.97799     0.84245
  -4.45363   2.44910   2.14293    94.37894    93.29433     1.08461
  -5.02524   1.55966   2.14293    95.79186    94.99006     0.80180
  -5.02524   0.50237   2.14293   100.76150   100.41479     0.34671
  -2.70419   3.31218   1.18061    98.12432    98.16856    -0.04424
  -3.74551   3.31218   1.18061    95.06381    94.31892     0.74489
  -4.68371   2.86036   1.18061    94.11107    93.20875     0.90232
  -5.33297   2.04623   1.18061    95.10703    94.48414     0.62289
  -5.56468   1.03101   1.18061    98.66801    98.58133     0.08667
  -3.74551   3.31218   0.11250    97.39188    97.09317     0.29872
  -4.68371   2.86036   0.11250    96.35118    96.03762     0.31356
  -5.33297   2.04623   0.11250    97.54868    97.59033    -0.04165
