
Resp charges for organic molecule                                               

iqopt   irstrnt  ihfree     qwt
  2      1      1        0.001000

 rel.rms   dipole mom       Qxx      Qyy      Qzz
    0.01465  10.58895  59.09607 -30.56955 -28.52651

          Point charges before & after optimization
    NO   At.No.    q0           q(opt)   IVARY  d(rstr)/dq 
     1     6  -0.153503      -0.107692    0    0.006805
     2     6  -0.050691      -0.048331    0    0.009004
     3     6  -0.185602      -0.302730    0    0.003137
     4     6  -0.027291      -0.027291  -99    0.009647
     5     6   0.080055       0.080055  -99    0.007807
     6     6   0.031801       0.031801  -99    0.009530
     7     6   0.295128       0.295128  -99    0.003209
     8     6  -0.239092      -0.195261    0    0.004558
     9     6  -0.212214      -0.208539    0    0.004324
    10     6  -0.319521      -0.208539    9    0.004324
    11     7  -0.421644      -0.421644  -99    0.002308
    12     1   0.061555       0.048117    0    0.000000
    13     1   0.049173       0.048117   12    0.000000
    14     1   0.053586       0.040963    0    0.000000
    15     1   0.028074       0.040963   14    0.000000
    16     1   0.105773       0.118921    0    0.000000
    17     1   0.060970       0.118921   16    0.000000
    18     1   0.051237       0.051237  -99    0.000000
    19     1   0.130342       0.130342  -99    0.000000
    20     1   0.061293       0.053314    0    0.000000
    21     1   0.059729       0.053314   20    0.000000
    22     1   0.075419       0.053314   20    0.000000
    23     1   0.051597       0.048691    0    0.000000
    24     1   0.056008       0.048691   23    0.000000
    25     1   0.044066       0.048691   23    0.000000
    26     1   0.078858       0.048691   23    0.000000
    27     1   0.099121       0.048691   23    0.000000
    28     1   0.072400       0.048691   23    0.000000
    29     1   0.354457       0.354457  -99    0.000000
    30     1   0.354457       0.354457  -99    0.000000
    31     1   0.354457       0.354457  -99    0.000000

        Statistics of the fitting:
  The initial sum of squares (ssvpot)                     14.965
  The residual sum of squares (chipot)                     0.003
  The std err of estimate (sqrt(chipot/N))               0.00179
  ESP relative RMS (SQRT(chipot/ssvpot))                 0.01465

 Dipole Moment (Debye)=  10.58895
