 1407     6      6941948.5538420780     1347.7126239242
   0.03517  -3.40661   0.53252    57.26401    57.93432    -0.67031
  -0.63079  -3.87173  -0.23613    66.59354    68.00055    -1.40701
   0.30135  -4.29743  -0.23613    55.89429    55.59004     0.30425
   0.81330  -4.58198  -1.28613    64.16700    61.37064     2.79636
   1.31567  -0.84298  -2.33613    49.74077    50.47990    -0.73913
   1.61017  -2.49729  -3.10478    51.46215    51.14474     0.31741
   1.08517  -1.58796  -3.10478    53.60062    54.58432    -0.98370
   0.03517  -1.58796  -3.10478    72.99076    71.96205     1.02870
   1.33980  -3.58575   1.02390    47.01020    47.01025    -0.00005
   0.67384  -4.05087   0.25525    50.60413    49.74340     0.86074
   1.60598  -4.47657   0.25525    51.79133    51.36602     0.42531
   1.12013  -4.63996  -0.79475    59.30056    56.98750     2.31306
   3.39475  -1.69319  -1.84475    41.56079    39.26821     2.29258
   2.91480  -2.67643  -2.61341    48.84474    48.84028     0.00446
   2.38980  -1.76710  -2.61341    41.15161    40.77113     0.38047
  -1.40527  -2.76984   0.18578    94.64024    93.11684     1.52339
   1.31564  -0.41215  -1.91422    52.36892    53.54621    -1.17729
   0.31069  -0.48606  -2.68287    73.30708    71.76809     1.53899
   0.10655  -2.34436   1.10067    64.92760    66.00752    -1.07992
   1.14664  -1.58209   2.30391    54.49037    54.99826    -0.50789
   2.19664  -1.58209   2.30391    36.19860    32.99819     3.20041
   0.48067  -2.04721   1.53526    61.57891    65.11188    -3.53298
   3.20158   0.31047  -0.56474    15.82275    13.51927     2.30348
   2.19664   0.23656  -1.33340    42.15658    44.28064    -2.12406
   1.67164  -0.67276  -1.61474    47.62863    46.91085     0.71777
   2.44417  -1.75226   2.19447    32.77432    28.17059     4.60373
   1.91918  -2.66159   1.91312    42.75759    43.83242    -1.07483
   2.18535  -3.55241   1.14447    47.79938    45.55743     2.24195
   3.19967  -0.09796  -0.95553    24.29157    24.52513    -0.23356
   2.96918  -0.84294  -1.72419    34.50470    36.07465    -1.56996
   1.29233   4.11987   0.92817    69.09601    68.40421     0.69180
   2.30664   0.66543  -1.17183    41.05697    38.49405     2.56292
   2.07615   1.41041  -1.94049    48.03253    45.27547     2.75706
  -0.67935   4.38934  -2.03250    73.56636    73.93411    -0.36774
   0.02128   2.90984  -3.33410    70.44362    70.78313    -0.33951
  -0.50372   2.00051  -3.61545    73.83247    76.94189    -3.10942
  -2.11268   0.24362   3.74831   100.83357   101.71003    -0.87646
  -1.72544  -1.59285   3.44410    97.25277    95.11781     2.13495
   2.56574   2.39213   2.06041    38.08065    34.66415     3.41650
  -4.53498  -2.79704   1.22968   103.32660   105.09706    -1.77046
  -6.31514  -1.49947   0.17968    99.97133    98.02720     1.94413
  -5.84804  -2.38946   0.17968    98.81481    95.75968     3.05514
  -5.46713  -2.37135  -0.87032   100.48469    98.26171     2.22298
  -4.80116  -1.90623  -1.63897   105.04150   105.92002    -0.87852
   2.73035   2.52980   1.67835    28.53776    24.67995     3.85781
   3.71035   2.52980   1.41576     0.16790     0.78327    -0.61537
   3.22035   3.37850   1.41576    15.70034    14.20817     1.49216
   4.42776   2.52980   0.69835    -8.18614    -7.56469    -0.62145
   4.10358   3.52751   0.69835     0.61834    -0.86244     1.48078
   3.25488   4.14413   0.69835    14.23418    12.49906     1.73512
   2.20582   4.14413   0.69835    39.87197    38.23281     1.63916
   4.10358   1.53208   0.69835   -15.01371   -11.98766    -3.02605
   4.69035   2.52980  -0.28165    -7.64530    -8.51792     0.87262
   4.42776   3.50980  -0.28165    -3.31621    -4.46750     1.15129
   3.71035   4.22721  -0.28165     4.60858     4.43569     0.17289
   2.73035   4.48980  -0.28165    20.15792    20.99431    -0.83639
   3.71035   0.83239  -0.28165    -5.01403    -5.69625     0.68222
   4.42776   1.54980  -0.28165    -9.30945    -9.25857    -0.05088
   4.42776   2.52980  -1.26165    -3.17277    -4.19632     1.02355
   4.10358   3.52751  -1.26165    -1.23689    -0.30808    -0.92880
   3.25488   4.14413  -1.26165     8.27563    11.24800    -2.97237
   3.25488   0.91546  -1.26165    13.56735    11.53703     2.03033
   4.10358   1.53208  -1.26165     0.37863    -1.40579     1.78442
   3.71035   2.52980  -1.97906     5.35083     5.68776    -0.33693
   3.22035   3.37850  -1.97906    10.02815    12.86187    -2.83372
   3.22035   1.68109  -1.97906    15.55224    14.19304     1.35920
   2.73035   2.52980  -2.24165    23.05567    23.70873    -0.65306
   2.06861   0.39941   3.22598    29.08159    30.82614    -1.74455
   3.04861   0.39941   2.96339    10.63761    13.47839    -2.84078
   2.55861   1.24812   2.96339    25.72611    25.77570    -0.04959
   1.57861  -0.44929   2.96339    39.94585    39.09778     0.84807
   2.55861  -0.44929   2.96339    18.69682    19.82425    -1.12743
   3.76602   0.39941   2.24598    -1.67696     0.40478    -2.08174
   3.44184   1.39712   2.24598     5.37914     6.68664    -1.30750
   3.44184  -0.59830   2.24598     3.80081    -0.05268     3.85349
   4.02861   0.39941   1.26598    -9.27570    -8.70031    -0.57539
   3.76602   1.37941   1.26598   -12.13013    -8.68244    -3.44769
   3.76602   0.39941   0.28598    -5.21377    -7.26790     2.05412
   3.72120  -1.90515   2.48127    11.13477    11.41894    -0.28417
   4.70120  -1.90515   2.21868     8.85135    10.18689    -1.33554
   4.21120  -1.05644   2.21868     0.80398     0.36377     0.44020
   3.23120  -1.05644   2.21868    10.52025     3.67848     6.84177
   2.74120  -1.90515   2.21868    26.36346    21.86767     4.49579
   3.23120  -2.75385   2.21868    24.78036    25.02049    -0.24013
   4.21120  -2.75385   2.21868    20.19548    22.09587    -1.90039
   5.41861  -1.90515   1.50127    15.82508    15.60735     0.21773
   5.09443  -0.90743   1.50127     0.07188     1.01046    -0.93858
   4.24572  -0.29081   1.50127    -6.94906    -8.87928     1.93022
   3.19667  -3.51948   1.50127    43.28380    42.30623     0.97757
   5.09443  -2.90286   1.50127    35.15818    34.90545     0.25273
   5.68120  -1.90515   0.52127    26.58012    26.07955     0.50057
   5.41861  -0.92515   0.52127     5.77174     7.23851    -1.46677
   4.70120  -0.20774   0.52127    -4.62346    -4.24775    -0.37571
   5.09443  -0.90743  -0.45873    12.13911    14.08512    -1.94601
   4.24572  -0.29081  -0.45873     6.64184     5.42965     1.21219
   4.21120  -1.05644  -1.17614    25.34850    24.21876     1.12974
  -1.34010  -3.75131  -1.48829    82.90439    83.34603    -0.44164
  -0.63757  -4.58855  -1.48829    69.59597    70.78063    -1.18466
   0.43877  -4.77834  -1.48829    64.31109    63.76606     0.54503
  -1.34010  -3.75131  -2.52659    80.75459    80.79471    -0.04012
  -0.63757  -4.58855  -2.52659    70.95433    70.63255     0.32178
   0.43877  -4.77834  -2.52659    65.96571    65.08629     0.87942
   1.38529  -4.23187  -2.52659    66.38255    63.68659     2.69597
   1.14880  -3.20484  -3.36659    60.08609    60.51140    -0.42531
  -0.63757  -2.62441  -3.36659    77.64974    78.28582    -0.63607
  -0.63757  -3.78526  -3.36659    72.61794    72.35841     0.25953
   0.46647  -4.14399  -3.36659    65.56194    65.02808     0.53386
   0.16132  -3.20484  -3.68744    66.91675    67.67275    -0.75600
   2.74763  -4.46993   0.22318    60.58398    60.83983    -0.25584
   1.64360  -4.91449  -0.61682    58.42212    58.48652    -0.06439
   2.71994  -5.10428  -0.61682    60.86179    61.74077    -0.87898
   3.66645  -4.55781  -0.61682    69.67359    69.74763    -0.07404
   4.04026  -3.53078  -1.65512    67.24374    67.37293    -0.12920
   1.64360  -4.91449  -1.65512    63.30245    62.20144     1.10101
   2.71994  -5.10428  -1.65512    61.61939    61.76017    -0.14077
   3.66645  -4.55781  -1.65512    63.65400    63.95981    -0.30581
   3.42996  -3.53078  -2.49512    56.88709    57.98257    -1.09548
   1.64360  -4.11121  -2.49512    66.10045    63.02243     3.07801
   2.74763  -4.46993  -2.49512    60.44427    60.52716    -0.08289
   2.44249  -3.53078  -2.81597    57.02702    56.69477     0.33225
   0.16084  -0.82444  -3.01477    73.73779    72.23649     1.50131
  -2.23582   0.55928  -3.01477   105.90982   104.63316     1.27666
  -2.93835  -0.27797  -3.01477   104.75688   105.24489    -0.48801
  -2.93835  -1.37091  -3.01477    95.86331    99.06760    -3.20429
  -1.15948  -2.39794  -3.01477    86.93510    87.09896    -0.16386
  -0.44945  -0.82444  -3.85477    77.10972    74.78875     2.32098
  -1.13178   0.11471  -3.85477    84.27291    82.23248     2.04043
  -2.23582  -0.24401  -3.85477    88.53181    87.46302     1.06879
  -2.23582  -1.40486  -3.85477    83.78947    84.22678    -0.43732
  -1.13178  -1.76359  -3.85477    79.08252    78.29318     0.78934
  -1.43693  -0.82444  -4.17562    80.56108    78.49969     2.06138
  -1.93540  -2.85536  -0.02611   104.20849   101.49911     2.70938
  -3.03944  -3.29993  -0.86611   105.51389   101.58518     3.92871
  -1.96310  -3.48972  -0.86611    92.21069    90.37589     1.83480
  -3.74197  -1.36974  -1.90441   116.31894   115.91036     0.40859
  -3.74197  -2.46269  -1.90441   104.96387   103.87505     1.08882
  -3.03944  -3.29993  -1.90441    94.18129    91.98257     2.19872
  -1.96310  -3.48972  -1.90441    89.08283    87.96056     1.12227
  -3.03944  -2.49664  -2.74441    91.21467    92.40736    -1.19269
  -1.93540  -2.85536  -2.74441    87.72616    88.86778    -1.14162
   0.02386   3.79414   1.30075    89.81734    90.29813    -0.48080
   0.32901   4.73329   0.97990    72.45004    71.02865     1.42139
  -0.77503   4.37457   0.97990    85.22557    83.17893     2.04665
  -0.77503   3.21372   0.97990   106.04286   106.44344    -0.40059
   1.24783   4.82117   0.13990    58.20085    58.78939    -0.58854
   0.30131   5.36765   0.13990    64.51134    63.07491     1.43643
  -0.77503   5.17786   0.13990    74.27421    71.44317     2.83104
  -1.47756   4.34062   0.13990    88.74321    86.68016     2.06305
   0.30131   5.36765  -0.89840    61.00300    61.79054    -0.78754
  -0.77503   5.17786  -0.89840    70.80385    69.75731     1.04655
  -1.47756   4.34062  -0.89840    84.63601    83.88681     0.74919
   2.24050   4.52871  -1.29974    34.95848    36.50071    -1.54223
   1.29398   5.07518  -1.29974    51.03710    53.06831    -2.03121
   2.61431   3.50168  -2.33803    30.92980    30.97158    -0.04179
   2.24050   4.52871  -2.33803    41.41437    39.89412     1.52025
   1.29398   5.07518  -2.33803    51.12726    50.06665     1.06061
   0.21764   4.88539  -2.33803    60.79118    61.17104    -0.37986
   2.24050   2.47465  -2.33803    39.14090    38.67272     0.46818
   2.00401   3.50168  -3.17803    47.76544    45.15693     2.60851
   1.32168   4.44082  -3.17803    53.14670    50.16429     2.98241
   0.21764   4.08210  -3.17803    63.58216    62.19713     1.38503
   1.32168   2.56253  -3.17803    58.80613    57.79505     1.01108
   1.01653   3.50168  -3.49889    58.34904    56.00553     2.34351
  -2.03110   3.89947  -1.63339    86.62363    86.56489     0.05875
  -2.73363   3.06223  -1.63339    99.35087    99.71537    -0.36450
  -0.95477   4.08926  -2.67168    73.89974    73.40454     0.49520
  -2.03110   3.89947  -2.67168    79.05683    77.54185     1.51498
  -2.73363   3.06223  -2.67168    88.82549    87.31421     1.51128
  -2.73363   1.96928  -2.67168   103.02762   102.29869     0.72892
  -0.92707   3.45490  -3.51168    71.36989    70.94326     0.42663
  -2.03110   3.09618  -3.51168    78.40759    76.83658     1.57101
  -2.03110   1.93533  -3.51168    85.90328    86.13223    -0.22895
  -1.23222   2.51575  -3.83254    74.45460    75.16542    -0.71082
   1.60556   1.26870  -2.66829    58.33281    57.06963     1.26318
   0.28523  -0.30480  -2.66829    75.92755    73.74698     2.18058
   1.23175   0.24167  -2.66829    62.05663    60.98303     1.07360
   0.99526   1.26870  -3.50829    63.20525    62.41274     0.79251
   0.31293   2.20785  -3.50829    68.07787    69.30707    -1.22921
  -0.79111   0.68828  -3.50829    84.27579    84.15615     0.11965
   0.31293   0.32955  -3.50829    72.48985    70.72601     1.76384
   0.00778   1.26870  -3.82914    70.44080    71.04007    -0.59927
  -1.43868   1.14845   4.10956    84.72734    86.54063    -1.81330
  -0.45120   1.14845   3.78870    81.17206    84.01592    -2.84386
  -1.13353   2.08760   3.78870    84.38927    84.94491    -0.55565
  -2.23757   1.72887   3.78870    92.04376    92.08000    -0.03624
  -2.23757   0.56802   3.78870    98.88985   100.22480    -1.33495
  -1.16123   2.72195   2.94870    92.27385    92.39310    -0.11925
  -2.23757   2.53216   2.94870    98.37421    97.75915     0.61506
  -2.94010   1.69492   2.94870   110.47976   110.80704    -0.32729
  -1.16123   2.72195   1.91041   106.10559   107.27509    -1.16950
  -2.23757   2.53216   1.91041   114.48455   115.15263    -0.66808
  -0.41343  -0.25549   4.33459    75.02392    73.40242     1.62150
   0.57405  -0.25549   4.01373    66.10439    62.80734     3.29705
  -0.10828   0.68366   4.01373    75.00012    75.72131    -0.72119
  -1.21231  -0.83591   4.01373    86.66372    84.89039     1.77334
  -0.10828  -1.19463   4.01373    73.20370    69.46936     3.73434
   1.18435  -0.25549   3.17373    54.69892    51.35727     3.34165
   0.81054   0.77154   3.17373    70.06181    67.57382     2.48799
  -0.13598  -1.82899   3.17373    76.43750    73.18382     3.25368
   0.81054  -1.28252   3.17373    63.47631    59.53829     3.93803
  -0.13598  -1.82899   2.13544    80.06982    78.27353     1.79628
  -1.62480  -2.63454   2.73044    90.65167    90.55373     0.09795
  -2.72884  -3.07910   1.89044    97.51864    98.58013    -1.06149
  -1.65250  -3.26889   1.89044    88.29996    87.52134     0.77862
  -0.70598  -2.72242   1.89044    82.68073    81.84061     0.84012
  -2.72884  -3.07910   0.85214   106.33871   105.03779     1.30092
  -1.65250  -3.26889   0.85214    92.06064    90.62366     1.43697
  -0.70598  -2.72242   0.85214    79.76041    80.27914    -0.51873
  -2.91659  -0.74003   4.16934    94.65906    93.73145     0.92761
  -1.92911  -0.74003   3.84849    97.60012    96.35227     1.24785
  -2.61144   0.19912   3.84849   101.18583   101.69933    -0.51350
  -3.71547  -0.15960   3.84849   101.10856   100.21080     0.89776
  -3.71547  -1.32045   3.84849    96.68109    95.63099     1.05010
  -2.61144  -1.67917   3.84849    93.26084    92.99824     0.26260
  -3.71547   0.64369   3.00849   118.46318   119.13449    -0.67131
  -4.41800  -0.19355   3.00849   114.78155   114.06378     0.71777
  -4.41800  -1.28650   3.00849   109.40595   108.72649     0.67946
  -3.71547  -2.12374   3.00849   100.86809   102.14621    -1.27812
  -2.63913  -2.31353   3.00849    97.96661   100.31219    -2.34558
   0.92504   2.03263   3.58549    68.50337    68.35379     0.14958
   1.91252   2.03263   3.26464    52.40373    51.71889     0.68484
   1.23019   2.97178   3.26464    65.82952    65.36949     0.46004
   0.12615   2.61306   3.26464    81.25848    81.76937    -0.51089
   0.12615   1.45221   3.26464    84.28849    85.86254    -1.57404
   1.23019   1.09349   3.26464    60.41402    59.27972     1.13430
   2.52281   2.03263   2.42464    37.16566    33.88750     3.27816
   2.14901   3.05967   2.42464    52.28892    51.99026     0.29866
   1.20249   3.60614   2.42464    68.90239    69.27460    -0.37220
   0.12615   3.41635   2.42464    84.01110    84.99542    -0.98433
   0.12615   3.41635   1.38634    96.62007    98.41411    -1.79404
  -1.49196   3.05456   1.52901   105.63270   106.18596    -0.55327
  -2.59599   2.69584   1.52901   116.87386   117.23616    -0.36230
  -1.51965   3.68891   0.68901   100.10427    99.04742     1.05685
  -2.59599   3.49913   0.68901   103.35459   102.46191     0.89269
  -3.29852   2.66188   0.68901   124.53401   124.73346    -0.19944
  -2.59599   3.49913  -0.34928   101.40709   101.44729    -0.04020
  -3.29852   2.66188  -0.34928   118.34967   119.73037    -1.38070
  -3.77193   2.02466  -0.97323   123.78000   125.10144    -1.32144
  -4.47446   1.18741  -0.97323   132.22909   131.77347     0.45562
  -3.77193   2.02466  -2.01153   108.30855   107.87433     0.43422
  -4.47446   1.18741  -2.01153   112.42809   111.31440     1.11369
  -3.77193  -0.74277  -2.01153   120.88837   119.76497     1.12340
  -2.66790   1.58009  -2.85153   103.61293   103.03915     0.57378
  -3.77193   1.22137  -2.85153   102.82799   101.46269     1.36531
  -3.77193   0.06052  -2.85153   105.77668   105.43029     0.34639
  -2.97304   0.64094  -3.17238   101.99625   101.35229     0.64396
  -3.65428  -2.91366   1.18104   106.52155   107.46241    -0.94086
  -4.75832  -3.35822   0.34104    95.42258    95.21658     0.20600
  -3.68198  -3.54801   0.34104    98.50539    97.59627     0.90913
  -2.73546  -3.00154   0.34104   110.92003   108.36121     2.55882
  -5.46085  -2.52098  -0.69726    99.87798    97.46584     2.41214
  -4.75832  -3.35822  -0.69726    94.54413    93.28064     1.26349
  -3.68198  -3.54801  -0.69726    99.02466    96.62839     2.39626
  -4.75832  -2.55493  -1.53726    99.01009    98.83942     0.17067
  -3.65428  -2.91366  -1.53726   105.57714   102.86784     2.70930
  -3.95943  -1.97451  -1.85811   109.37281   109.58868    -0.21587
  -4.84731  -1.10747   2.78176   110.36329   109.46054     0.90275
  -4.54216  -0.16832   2.46090   127.60725   126.66949     0.93776
  -5.64619  -0.52704   2.46090   104.35073   103.57394     0.77680
  -5.64619  -1.68789   2.46090    97.77200    96.76683     1.00517
  -4.54216  -2.04662   2.46090   105.92432   106.48144    -0.55712
  -5.64619   0.27624   1.62090   113.04330   113.69273    -0.64944
  -6.34872  -0.56100   1.62090    98.60894    98.75952    -0.15057
  -6.34872  -1.65394   1.62090    94.16165    93.34804     0.81361
  -5.64619  -2.49118   1.62090    95.05378    94.86935     0.18443
  -4.56986  -2.68097   1.62090   102.11189   103.80147    -1.68958
  -6.34872  -0.56100   0.58261   102.33746   103.70385    -1.36639
  -6.34872  -1.65394   0.58261    97.93110    96.55272     1.37838
  -5.68018   0.87975  -0.06280   113.89667   114.70010    -0.80343
  -6.38271   0.04251  -0.06280   101.08532   102.32421    -1.23888
  -6.38271  -1.05044  -0.06280   100.81227   100.10697     0.70530
  -4.60384   1.06954  -1.10110   129.41928   128.69857     0.72071
  -5.68018   0.87975  -1.10110   107.55599   107.02093     0.53507
  -6.38271   0.04251  -1.10110    97.60968    96.99615     0.61353
  -6.38271  -1.05044  -1.10110    95.42683    94.58822     0.83861
  -5.68018   0.07646  -1.94110   101.37775   100.23739     1.14036
  -5.68018  -1.08439  -1.94110    97.46409    97.12183     0.34225
  -4.57614  -1.44311  -1.94110   106.96628   108.20466    -1.23838
  -4.88129  -0.50396  -2.26195   105.88786   105.75792     0.12994
  -3.14942   1.68343   2.14953   133.19608   133.94520    -0.74912
  -4.25346   1.32471   2.14953   129.67756   129.43349     0.24406
  -3.17712   2.31779   1.30953   133.10864   133.58952    -0.48088
  -4.25346   2.12800   1.30953   127.60755   126.97740     0.63016
  -4.95599   1.29076   1.30953   129.34170   128.70036     0.64134
  -4.25346   2.12800   0.27123   130.66300   130.77884    -0.11585
  -4.95599   1.29076   0.27123   133.28290   132.95424     0.32866
  -4.25346   1.32471  -0.56877   142.52545   142.50713     0.01833
   4.41030  -3.63779   1.48542    46.89722    47.48744    -0.59022
   5.70293  -2.69864   0.64542    43.25538    42.22498     1.03039
   3.30626  -4.08235   0.64542    64.41650    62.89925     1.51726
   4.38260  -4.27214   0.64542    63.66846    62.77495     0.89352
   5.32912  -3.72567   0.64542    57.07068    55.98908     1.08160
   5.70293  -2.69864  -0.39287    51.15313    50.55052     0.60261
   4.38260  -4.27214  -0.39287    72.55896    71.20633     1.35263
   5.32912  -3.72567  -0.39287    64.08269    62.52869     1.55400
   5.09263  -2.69864  -1.23287    57.20129    56.64107     0.56022
   4.41030  -3.63779  -1.23287    72.53264    71.51493     1.01772
   4.10515  -2.69864  -1.55373    63.31417    61.73304     1.58113
   0.03951  -3.39910   0.87620    59.21701    60.16788    -0.95087
  -0.66861  -3.91537   0.21025    66.28316    67.49833    -1.21517
   0.29313  -4.35458   0.21025    54.69631    55.12014    -0.42383
  -0.89869  -4.32664  -0.75208    69.05575    70.49414    -1.43840
   0.03951  -4.77845  -0.75208    60.15547    60.78614    -0.63067
   1.33966  -0.79046  -2.78251    51.89061    52.91518    -1.02456
   1.60149  -2.49729  -3.44846    51.67128    52.22858    -0.55730
   1.08083  -1.59548  -3.44846    54.66522    55.65915    -0.99393
   1.34414  -3.57824   1.36757    47.78837    48.63292    -0.84455
   0.63602  -4.09451   0.70162    51.64503    51.98968    -0.34465
   1.59776  -4.53372   0.70162    49.96899    50.03460    -0.06561
   2.64428  -4.38326   0.70162    54.53639    54.04318     0.49320
   1.34414  -4.95759  -0.26070    54.45779    54.48019    -0.02241
   3.74120  -2.67643  -2.29113    50.81981    51.03303    -0.21322
   3.44332  -1.66197  -2.29113    40.19580    39.85069     0.34511
   2.64428  -0.96960  -2.29113    38.21573    39.32930    -1.11357
   2.90612  -2.67643  -2.95708    47.44442    47.77688    -0.33246
   2.38546  -1.77462  -2.95708    43.04875    43.39409    -0.34534
   1.36422  -0.38093  -2.36060    53.27311    54.34977    -1.07666
   0.09833  -2.40151   1.54704    67.08260    68.60188    -1.51929
   1.15098  -1.57457   2.64758    54.41951    53.51509     0.90442
   2.19230  -1.57457   2.64758    35.28878    33.44550     1.84328
   0.44286  -2.09085   1.98163    63.89446    65.70635    -1.81189
   3.25016   0.34169  -1.01112    19.05862    18.50163     0.55699
   2.19230   0.22905  -1.67707    42.79782    44.38216    -1.58434
   2.44417  -1.75226   2.49447    31.89513    29.30115     2.59398
   1.92351  -2.65407   2.25679    42.11611    42.81848    -0.70237
   1.21540  -3.17035   1.59084    48.83951    50.72537    -1.88585
   2.17714  -3.60956   1.59084    45.10189    44.55395     0.54794
   4.02270  -0.73781  -1.40191    25.87261    25.05731     0.81530
   3.22366  -0.04543  -1.40191    26.48950    27.43044    -0.94094
   2.96484  -0.85045  -2.06786    35.73449    36.94827    -1.21377
   2.33063   4.02656   1.37454    40.84917    39.82557     1.02360
   1.28411   4.17703   1.37454    65.31218    65.27582     0.03636
   2.07181   4.60090   0.41222    41.54768    41.44029     0.10739
   2.33063   0.61290  -1.61821    40.63300    40.05997     0.57303
   2.07181   1.41792  -2.28416    47.64796    46.23519     1.41277
  -3.38291  -1.57098  -2.92726    94.22860    96.44724    -2.21865
   1.97048   4.84424  -0.44845    40.74833    42.19380    -1.44548
  -0.71716   4.43298  -2.47887    69.44762    69.67101    -0.22339
   2.09014   2.00043  -2.47887    45.44666    44.69509     0.75157
   0.01694   2.90232  -3.67777    65.77714    66.47216    -0.69502
  -0.50372   2.00051  -3.91545    69.89109    72.10151    -2.21042
  -2.10400   0.24362   4.09199    91.87776    92.88018    -1.00242
  -1.72978  -1.58533   3.78777    89.47981    88.25936     1.22045
  -2.51748  -2.54082   3.12182    91.13588    92.82020    -1.68432
  -1.47095  -2.39035   3.12182    87.10725    86.48839     0.61885
  -3.70930  -2.51287   2.15949   104.10289   106.33954    -2.23664
  -5.73502   0.83245   0.71373   111.85786   112.82472    -0.96686
  -6.38427   0.01831   0.71373    99.38831   101.11209    -1.72378
  -5.73502  -2.82625   0.71373    91.59952    90.94832     0.65120
  -6.38427  -2.01212  -0.35437    90.80956    89.05356     1.75600
  -5.73502  -2.82625  -0.35437    91.26543    89.67443     1.59101
  -5.50494  -2.41499  -1.31669    93.20983    92.56004     0.64979
  -4.79682  -1.89871  -1.98264    98.54919    99.49079    -0.94161
   3.70225   2.52980   1.73652     8.28470     8.43861    -0.15391
   3.21630   3.37149   1.73652    21.72564    20.79907     0.92657
   4.48165   2.52980   1.11497    -0.58430     0.11391    -0.69821
   4.14718   3.55919   1.11497     7.61067     6.87018     0.74049
   3.27153   4.19538   1.11497    20.33764    19.22840     1.10924
   4.14718   1.50041   1.11497    -8.40931    -5.89912    -2.51020
   4.91419   2.52980   0.21680    -2.17187    -2.21800     0.04613
   4.66404   3.54468   0.21680     2.52486     1.77223     0.75264
   3.97091   4.32706   0.21680     9.84663     9.17241     0.67423
   2.99358   4.69771   0.21680    22.19579    22.06239     0.13340
   4.66404   1.51492   0.21680    -5.58375    -4.69999    -0.88376
   4.91419   2.52980  -0.78010     0.04093    -0.58805     0.62898
   4.66404   3.54468  -0.78010     2.56561     2.29591     0.26970
   3.97091   4.32706  -0.78010     8.42075     9.06218    -0.64142
   2.99358   4.69771  -0.78010    19.95190    21.40596    -1.45405
   3.97091   0.73253  -0.78010     4.58139     3.62274     0.95865
   4.66404   1.51492  -0.78010     0.11745    -0.43701     0.55446
   4.48165   2.52980  -1.67827     4.87976     4.53307     0.34670
   4.14718   3.55919  -1.67827     6.73037     7.75214    -1.02177
   3.27153   4.19538  -1.67827    15.87492    17.96361    -2.08869
   3.27153   0.86421  -1.67827    20.48920    19.40250     1.08670
   4.14718   1.50041  -1.67827     8.67743     7.61641     1.06102
   3.70225   2.52980  -2.29982    13.40517    13.76405    -0.35888
   3.21630   3.37149  -2.29982    18.34062    19.83965    -1.49903
   3.21630   1.68811  -2.29982    21.87086    21.21070     0.66017
   2.73035   2.52980  -2.52165    28.75895    29.01894    -0.25999
   2.06861   0.39941   3.50598    34.20556    35.04357    -0.83801
   3.04051   0.39941   3.28415    18.17588    19.90896    -1.73308
   2.55456   1.24110   3.28415    29.99703    30.37163    -0.37460
   1.58266  -0.44228   3.28415    43.19448    42.15170     1.04279
   2.55456  -0.44228   3.28415    24.58135    25.29990    -0.71855
   3.81991   0.39941   2.66260     6.67538     8.19056    -1.51519
   3.48544   1.42880   2.66260    13.35876    14.28049    -0.92173
   2.60979  -1.26618   2.66260    25.97669    23.03258     2.94411
   3.48544  -0.62998   2.66260     9.98526     8.80519     1.18007
   4.25244   0.39941   1.76443    -2.20095    -1.33485    -0.86610
   4.00230   1.41429   1.76443    -0.73560     1.21812    -1.95372
   4.25244   0.39941   0.76753    -6.27852    -6.49673     0.21822
   3.81991   0.39941  -0.13064     0.75161    -1.18986     1.94147
   3.72120  -1.90515   2.76127    16.70305    16.71727    -0.01422
   4.69310  -1.90515   2.53944    13.60644    14.54307    -0.93664
   4.20715  -1.06346   2.53944     7.58682     7.33723     0.24959
   3.23525  -1.06346   2.53944    13.79309    10.50953     3.28357
   2.74930  -1.90515   2.53944    27.30348    24.96045     2.34303
   3.23525  -2.74684   2.53944    27.13668    27.28571    -0.14903
   4.20715  -2.74684   2.53944    22.42462    23.62552    -1.20090
   5.47250  -1.90515   1.91788    16.55067    16.88196    -0.33129
   5.13803  -0.87576   1.91788     5.50354     6.13971    -0.63617
   4.26238  -0.23956   1.91788    -1.32847    -2.09870     0.77023
   3.18001  -3.57073   1.91788    38.82223    38.68835     0.13389
   4.26238  -3.57073   1.91788    37.36557    38.21676    -0.85119
   5.13803  -2.93454   1.91788    29.43722    29.80340    -0.36618
   5.90503  -1.90515   1.01971    23.01563    22.81148     0.20416
   5.65489  -0.89027   1.01971     9.00695     9.81344    -0.80648
   4.96176  -0.10788   1.01971    -0.51741    -0.00415    -0.51326
   2.94680  -3.94707   1.01971    54.04953    52.22279     1.82674
   5.90503  -1.90515   0.02282    30.64155    30.80010    -0.15855
   5.65489  -0.89027   0.02282    13.70949    14.89440    -1.18491
   4.96176  -0.10788   0.02282     3.55202     4.23307    -0.68105
   3.98443   0.26277   0.02282    -0.33680    -2.53449     2.19769
   5.13803  -0.87576  -0.87535    19.13135    20.15410    -1.02274
   4.26238  -0.23956  -0.87535    13.85181    13.15684     0.69497
   4.20715  -1.06346  -1.49690    29.51973    28.71975     0.79998
  -1.18389  -4.18219  -1.04744    74.05557    75.22578    -1.17022
  -0.35250  -4.78623  -1.04744    63.70871    64.81130    -1.10260
  -1.50145  -4.16484  -2.00744    76.78853    77.09798    -0.30945
  -0.79868  -4.86761  -2.00744    67.24367    67.64732    -0.40364
   0.16132  -5.12484  -2.00744    62.46299    62.37670     0.08629
   1.12132  -4.86761  -2.00744    63.00020    61.64159     1.35861
  -1.50145  -3.20484  -2.96744    81.07225    81.71437    -0.64212
  -1.18389  -4.18219  -2.96744    71.66810    71.68540    -0.01730
  -0.35250  -4.78623  -2.96744    64.84936    64.55898     0.29039
   0.67514  -4.78623  -2.96744    61.53979    60.95755     0.58224
   1.50653  -4.18219  -2.96744    60.95073    59.86142     1.08931
   1.12132  -3.20484  -3.67021    57.77026    58.41846    -0.64821
  -0.31868  -2.37345  -3.67021    71.13145    71.88598    -0.75453
  -0.79868  -3.20484  -3.67021    71.43685    71.94046    -0.50360
  -0.31868  -4.03622  -3.67021    65.44886    65.39978     0.04908
   0.64132  -4.03622  -3.67021    60.84490    60.81809     0.02681
   0.16132  -3.20484  -3.92744    63.47684    64.19679    -0.71994
   1.92866  -5.11217  -0.17597    54.86789    55.57895    -0.71106
   2.95631  -5.11217  -0.17597    57.75356    58.46395    -0.71039
   1.48249  -5.19355  -1.13597    58.44346    58.17883     0.26463
   2.44249  -5.45078  -1.13597    57.05269    57.49272    -0.44003
   3.40249  -5.19355  -1.13597    58.57159    58.96780    -0.39621
   4.10525  -4.49078  -1.13597    64.50501    64.45656     0.04845
   4.10525  -3.53078  -2.09597    57.71956    58.19272    -0.47316
   1.92866  -5.11217  -2.09597    59.25804    58.84258     0.41546
   2.95631  -5.11217  -2.09597    57.10655    57.31121    -0.20466
   3.78769  -4.50813  -2.09597    57.46977    57.89680    -0.42702
   3.40249  -3.53078  -2.79874    52.82666    53.66157    -0.83490
   1.96249  -4.36216  -2.79874    59.58148    58.78807     0.79341
   2.92249  -4.36216  -2.79874    55.71037    56.02646    -0.31609
   2.44249  -3.53078  -3.05597    54.31991    54.24539     0.07453
   0.22584  -0.82444  -3.45562    69.72748    68.81965     0.90782
  -1.95075   0.75695  -3.45562    92.62213    92.44024     0.18190
  -2.78214   0.15291  -3.45562    95.41652    95.33305     0.08347
  -3.09970  -0.82444  -3.45562    91.05504    92.32451    -1.26947
  -2.78214  -1.80179  -3.45562    85.26718    87.64335    -2.37616
  -1.95075  -2.40582  -3.45562    81.12197    82.93465    -1.81268
  -0.92311  -2.40582  -3.45562    78.66964    79.16885    -0.49921
  -0.47693  -0.82444  -4.15839    72.37097    70.92029     1.45068
  -0.95693   0.00695  -4.15839    77.08504    75.70984     1.37519
  -1.91693   0.00695  -4.15839    81.57162    80.64219     0.92942
  -2.39693  -0.82444  -4.15839    80.73608    80.61098     0.12509
  -1.91693  -1.65582  -4.15839    76.81742    76.99313    -0.17571
  -0.95693  -1.65582  -4.15839    73.45819    72.81053     0.64767
  -1.43693  -0.82444  -4.41562    75.38503    74.17916     1.20588
  -2.75437  -3.49760  -0.42526    98.81572    96.42044     2.39528
  -1.72673  -3.49760  -0.42526    87.85420    87.11247     0.74174
  -3.20055  -3.57898  -1.38526    93.25765    91.08656     2.17109
  -2.24055  -3.83622  -1.38526    85.96878    84.75180     1.21697
  -3.90332  -1.91622  -2.34526    99.81834   100.72445    -0.90610
  -3.58576  -2.89357  -2.34526    91.01925    90.60113     0.41812
  -2.75437  -3.49760  -2.34526    84.70588    84.05533     0.65056
  -1.72673  -3.49760  -2.34526    84.53878    84.53221     0.00657
  -3.20055  -1.91622  -3.04803    89.96799    92.30533    -2.33734
  -2.72055  -2.74760  -3.04803    83.86388    85.24249    -1.37861
   0.02386   3.79414   1.54075    86.88747    87.81592    -0.92845
   0.50386   4.62553   1.28352    69.80466    69.40547     0.39919
  -0.45614   4.62553   1.28352    76.85972    75.74630     1.11342
  -0.93614   3.79414   1.28352    92.40667    92.32712     0.07955
   1.36907   4.77150   0.58075    56.61067    56.75773    -0.14706
   0.53769   5.37553   0.58075    60.81262    60.07815     0.73448
  -0.48996   5.37553   0.58075    68.30603    66.55405     1.75198
  -1.32135   4.77150   0.58075    79.61762    77.93076     1.68686
   0.98386   5.45691  -0.37925    53.70755    54.63252    -0.92497
   0.02386   5.71414  -0.37925    60.21596    59.70359     0.51237
  -0.93614   5.45691  -0.37925    68.22593    66.91409     1.31184
  -1.63891   4.75414  -0.37925    79.41463    78.29774     1.11690
  -0.48996   5.37553  -1.33925    63.64779    64.02903    -0.38124
  -1.32135   4.77150  -1.33925    74.43409    74.33110     0.10298
   2.67930   4.46168  -1.81889    29.23725    30.21903    -0.98178
   1.97653   5.16444  -1.81889    41.59006    41.90145    -0.31139
   1.01653   5.42168  -1.81889    50.61096    51.53053    -0.91957
   2.67930   3.50168  -2.77889    34.19870    33.68056     0.51814
   2.36174   4.47903  -2.77889    39.82885    38.52639     1.30245
   1.53036   5.08306  -2.77889    47.08433    45.84603     1.23830
   0.50271   5.08306  -2.77889    54.75742    54.32403     0.43339
  -0.32868   4.47903  -2.77889    64.92600    64.94681    -0.02081
   2.36174   2.52432  -2.77889    39.40619    39.03005     0.37614
   1.97653   3.50168  -3.48166    46.34486    44.61651     1.72835
   1.49653   4.33306  -3.48166    49.20971    47.17474     2.03497
   0.53653   4.33306  -3.48166    56.53186    55.21750     1.31435
   0.05653   3.50168  -3.48166    64.96039    64.56899     0.39141
   1.49653   2.67029  -3.48166    53.63836    52.78633     0.85203
   1.01653   3.50168  -3.73889    55.32647    53.88083     1.44564
  -1.74604   4.09714  -1.19254    86.01323    86.16861    -0.15538
  -2.57743   3.49311  -1.19254    95.07543    95.82339    -0.74797
  -1.23222   4.43575  -2.15254    73.66685    73.74197    -0.07511
  -2.19222   4.17852  -2.15254    78.10811    77.68680     0.42130
  -2.89499   3.47575  -2.15254    86.67644    86.28308     0.39336
  -3.15222   2.51575  -2.15254   100.90803   100.89000     0.01803
  -0.71839   4.09714  -3.11254    67.99123    67.75152     0.23971
  -1.74604   4.09714  -3.11254    71.17756    70.33664     0.84092
  -2.57743   3.49311  -3.11254    77.77050    76.64097     1.12953
  -2.89499   2.51575  -3.11254    87.41751    86.68794     0.72957
  -0.75222   3.34714  -3.81530    66.83649    67.00364    -0.16715
  -1.71222   3.34714  -3.81530    70.67057    70.01753     0.65304
  -2.19222   2.51575  -3.81530    77.26612    76.90972     0.35639
  -1.71222   1.68437  -3.81530    80.06917    81.14271    -1.07354
  -1.23222   2.51575  -4.07254    70.57926    71.33445    -0.75520
   1.67055   0.30870  -2.14914    53.93872    54.17066    -0.23194
   1.67055   1.26870  -3.10914    54.61498    53.96210     0.65288
   0.52161  -0.31269  -3.10914    68.84258    67.83568     1.00690
   1.35299   0.29135  -3.10914    58.41386    57.70409     0.70977
   0.96778   1.26870  -3.81191    60.19275    59.92093     0.27183
   0.48778   2.10009  -3.81191    63.13949    63.97395    -0.83446
  -0.95222   1.26870  -3.81191    77.29985    79.07879    -1.77894
  -0.47222   0.43732  -3.81191    77.10739    76.34892     0.75847
   0.48778   0.43732  -3.81191    66.30790    65.44672     0.86118
   0.00778   1.26870  -4.06914    67.05821    67.69370    -0.63549
  -1.43868   1.14845   4.34956    79.95392    81.51120    -1.55728
  -0.47868   1.14845   4.09232    76.35192    78.49375    -2.14182
  -0.95868   1.97983   4.09232    77.86543    78.96398    -1.09854
  -1.91868   1.97983   4.09232    82.73998    83.13836    -0.39839
  -2.39868   1.14845   4.09232    89.14525    90.07488    -0.92962
  -0.92485   2.72984   3.38956    83.32166    83.91546    -0.59380
  -1.95250   2.72984   3.38956    87.13256    87.00792     0.12464
  -2.78389   2.12580   3.38956    94.84704    94.95593    -0.10890
  -3.10145   1.14845   3.38956   105.17245   106.13437    -0.96192
  -1.43868   3.06845   2.42956    94.27508    94.80388    -0.52880
  -2.39868   2.81122   2.42956   100.59692   100.82751    -0.23059
  -3.10145   2.10845   2.42956   114.37533   114.93261    -0.55728
  -0.41343  -0.25549   4.57459    70.59686    69.62218     0.97469
   0.54657  -0.25549   4.31735    62.50256    60.44719     2.05537
   0.06657   0.57590   4.31735    68.60241    68.63142    -0.02901
  -0.89343   0.57590   4.31735    77.75750    79.41100    -1.65350
  -1.37343  -0.25549   4.31735    82.63590    82.75236    -0.11646
  -0.89343  -1.08687   4.31735    76.52589    74.87256     1.65332
   0.06657  -1.08687   4.31735    66.76728    64.21937     2.54791
   1.24934  -0.25549   3.61459    53.03970    50.90172     2.13798
   0.93178   0.72187   3.61459    62.35420    61.30268     1.05152
  -0.92725  -1.83687   3.61459    81.54874    79.38508     2.16366
   0.10040  -1.83687   3.61459    68.40574    65.82865     2.57709
   0.93178  -1.23284   3.61459    58.53091    55.64995     2.88096
  -0.41343  -2.17549   2.65459    79.84876    78.15842     1.69034
   0.54657  -1.91825   2.65459    64.48967    63.47832     1.01135
  -1.44995  -2.52678   3.03406    85.95420    85.51348     0.44072
  -2.44377  -3.27678   2.33129    87.75127    88.67338    -0.92212
  -1.41612  -3.27678   2.33129    81.19462    80.96170     0.23292
  -0.58474  -2.67274   2.33129    78.39494    77.72478     0.67017
  -2.88995  -3.35816   1.37129    95.55962    95.78260    -0.22298
  -1.92995  -3.61539   1.37129    85.91392    85.37304     0.54088
  -0.96995  -3.35816   1.37129    78.39885    78.13290     0.26595
  -0.26718  -2.65539   1.37129    72.33589    73.10101    -0.76512
  -2.44377  -3.27678   0.41129   100.49736    98.84967     1.64769
  -1.41612  -3.27678   0.41129    86.29675    85.96617     0.33058
  -2.91659  -0.74003   4.40934    87.84885    87.37242     0.47644
  -1.95659  -0.74003   4.15211    89.75339    89.20618     0.54721
  -2.43659   0.09136   4.15211    92.71270    93.20290    -0.49021
  -3.39659   0.09136   4.15211    93.28211    93.14931     0.13280
  -3.87659  -0.74003   4.15211    91.13475    90.41196     0.72279
  -3.39659  -1.57141   4.15211    87.65423    87.28393     0.37030
  -2.43659  -1.57141   4.15211    86.66301    86.32476     0.33825
  -3.43041   0.84136   3.44934   105.53758   106.34253    -0.80494
  -4.26179   0.23733   3.44934   103.27874   103.12602     0.15272
  -4.57935  -0.74003   3.44934   100.09966    99.46719     0.63247
  -4.26179  -1.71738   3.44934    95.12568    95.05308     0.07260
  -3.43041  -2.32141   3.44934    90.40288    91.36288    -0.96000
  -2.40276  -2.32141   3.44934    89.41589    90.32095    -0.90506
  -4.57935   0.21997   2.48934   123.60096   123.33056     0.27040
  -3.87659  -2.40279   2.48934   101.56707   103.49565    -1.92858
   0.92504   2.03264   3.82549    64.09371    64.23186    -0.13815
   1.88504   2.03264   3.56826    50.39376    50.12529     0.26847
   1.40504   2.86402   3.56826    58.87434    58.71012     0.16423
   0.44504   2.86402   3.56826    70.57252    70.83604    -0.26352
  -0.03496   2.03263   3.56826    79.21753    80.62188    -1.40435
   0.44504   1.20125   3.56826    73.48586    74.07245    -0.58659
   1.40504   1.20125   3.56826    54.87822    54.50949     0.36873
   2.58781   2.03263   2.86549    36.29600    35.23844     1.05756
   2.27025   3.00999   2.86549    47.55151    47.29652     0.25499
   1.43886   3.61402   2.86549    60.07433    60.19388    -0.11955
   0.41122   3.61402   2.86549    72.57357    73.04602    -0.47245
  -0.42017   3.00999   2.86549    85.65830    86.72773    -1.06944
   1.88504   3.69540   1.90549    55.79153    55.70794     0.08359
   0.92504   3.95264   1.90549    71.49499    72.22157    -0.72657
  -0.03496   3.69540   1.90549    85.13374    86.33444    -1.20070
  -0.73773   2.99264   1.90549    99.78113   101.44596    -1.66483
  -2.27710   2.94680   1.83263   105.89538   106.35613    -0.46075
  -1.28328   3.69680   1.12986    96.10397    95.87571     0.22826
  -2.31093   3.69680   1.12986    96.34553    95.94380     0.40173
  -3.14231   3.09276   1.12986   108.59616   108.63667    -0.04051
  -2.75710   3.77818   0.16986    95.83632    95.59502     0.24130
  -3.45987   3.07541   0.16986   108.84138   109.29987    -0.45848
  -2.31093   3.69680  -0.79014    94.81820    95.28617    -0.46798
  -3.14231   3.09276  -0.79014   104.00083   105.11588    -1.11505
  -3.93304   2.30371  -1.49238   107.70224   108.23386    -0.53161
  -4.63581   1.60094  -1.49238   111.49015   111.33185     0.15830
  -3.48687   2.22233  -2.45238    99.04795    98.69142     0.35653
  -4.31825   1.61829  -2.45238    99.79590    99.07232     0.72359
  -4.63581   0.64094  -2.45238   104.26163   103.55086     0.71077
  -4.31825  -0.33641  -2.45238   107.95026   108.04283    -0.09256
  -3.45304   1.47233  -3.15515    94.91606    94.23637     0.67969
  -3.93304   0.64094  -3.15515    96.46379    95.88721     0.57658
  -3.45304  -0.19044  -3.15515    98.93588    99.33476    -0.39888
  -2.97304   0.64094  -3.41238    95.39161    95.09190     0.29971
  -4.47325  -3.55589   0.78189    90.93050    91.37039    -0.43989
  -3.44560  -3.55589   0.78189    95.24851    95.11953     0.12897
  -4.91943  -3.63728  -0.17811    87.93381    87.32167     0.61214
  -3.95943  -3.89451  -0.17811    89.73010    88.71655     1.01355
  -2.99943  -3.63728  -0.17811    96.35217    94.56175     1.79042
  -5.30464  -2.95186  -1.13811    90.26355    89.52397     0.73958
  -4.47325  -3.55589  -1.13811    89.36356    88.30582     1.05774
  -3.44560  -3.55589  -1.13811    95.62229    93.38594     2.23635
  -4.43943  -2.80589  -1.84088    93.78060    93.48976     0.29084
  -4.84731  -1.10747   3.02176   103.97089   103.41331     0.55758
  -5.32731  -0.27608   2.76452   103.55078   103.17734     0.37344
  -5.80731  -1.10747   2.76452    93.47737    92.86710     0.61027
  -5.32731  -1.93885   2.76452    93.19752    92.94181     0.25571
  -5.36113   0.47392   2.06176   112.53910   112.67332    -0.13421
  -6.19251  -0.13012   2.06176    96.24779    96.44717    -0.19938
  -6.51008  -1.10747   2.06176    89.34013    88.99011     0.35002
  -6.19251  -2.08482   2.06176    87.67728    87.22241     0.45486
  -5.36113  -2.68886   2.06176    90.24748    90.59551    -0.34804
  -4.33348  -2.68886   2.06176    98.54032   100.07565    -1.53533
  -6.51008  -0.14747   1.10176    95.80575    96.98510    -1.17934
  -6.76731  -1.10747   1.10176    89.78640    89.90483    -0.11843
  -6.51008  -2.06747   1.10176    88.21225    87.61943     0.59282
  -5.80731  -2.77024   1.10176    90.12035    89.87193     0.24841
  -6.22650   0.47339   0.37805   101.90769   103.46998    -1.56228
  -4.88129   1.41604  -0.58195   123.12624   123.23553    -0.10929
  -5.84129   1.15880  -0.58195   103.63193   103.91726    -0.28533
  -6.54406   0.45604  -0.58195    93.81738    94.17885    -0.36147
  -6.80129  -0.50396  -0.58195    90.16839    90.26837    -0.09998
  -6.54406  -1.46396  -0.58195    91.67224    90.66176     1.01047
  -5.39511   1.07742  -1.54195   104.41088   103.96904     0.44184
  -6.22650   0.47339  -1.54195    93.49038    92.98449     0.50588
  -6.54406  -0.50396  -1.54195    89.00068    88.51419     0.48649
  -6.22650  -1.48132  -1.54195    89.69070    89.20230     0.48841
  -5.36129   0.32742  -2.24472    99.03767    98.41598     0.62169
  -5.84129  -0.50396  -2.24472    91.91065    91.48123     0.42942
  -5.36129  -1.33535  -2.24472    93.57294    93.90991    -0.33697
  -4.40129  -1.33535  -2.24472   103.28690   104.33303    -1.04614
  -4.88129  -0.50396  -2.50195    99.78776    99.87631    -0.08855
  -3.93457   1.57567   2.45315   119.60846   119.84779    -0.23933
  -4.41457   0.74429   2.45315   124.02420   124.08185    -0.05765
  -2.94075   2.32567   1.75038   123.79333   124.68442    -0.89110
  -3.96839   2.32567   1.75038   117.50083   117.41383     0.08700
  -4.79978   1.72164   1.75038   116.96911   116.62973     0.33938
  -5.11734   0.74428   1.75038   122.98230   122.85336     0.12894
  -4.41457   2.40705   0.79038   117.70888   117.60007     0.10882
  -5.11734   1.70429   0.79038   118.48548   118.28632     0.19916
  -3.96839   2.32567  -0.16962   123.69590   124.63490    -0.93900
  -4.79978   1.72164  -0.16962   123.51884   123.70916    -0.19032
   5.76792  -2.69864   1.08627    35.45764    34.82783     0.62982
   3.59133  -4.28002   1.08627    54.68409    54.23062     0.45346
   4.61898  -4.28002   1.08627    52.75685    52.40793     0.34892
   5.45036  -3.67599   1.08627    46.71333    46.21420     0.49913
   6.02515  -2.69864   0.12627    42.09417    41.57098     0.52319
   4.10515  -4.61864   0.12627    63.42911    62.78856     0.64055
   5.06515  -4.36141   0.12627    58.48021    57.48204     0.99817
   5.76792  -3.65864   0.12627    51.85527    50.93013     0.92514
   5.76792  -2.69864  -0.83373    47.33897    47.00203     0.33694
   4.61898  -4.28002  -0.83373    65.10656    64.25256     0.85401
   5.45036  -3.67599  -0.83373    57.17662    56.20018     0.97644
   5.06515  -2.69864  -1.53649    52.21921    51.80942     0.40979
   4.58515  -3.53002  -1.53649    62.94570    62.42717     0.51854
   4.10515  -2.69864  -1.79373    57.46889    56.68911     0.77978
   0.04355  -3.39210   1.20834    60.81734    61.69092    -0.87358
  -0.69008  -3.94016   0.62306    66.74480    67.56047    -0.81567
   0.28847  -4.38704   0.62306    54.69131    55.22423    -0.53292
  -0.99511  -4.44755  -0.25288    67.31051    68.18011    -0.86960
   0.00510  -4.92922  -0.25288    57.55507    58.07875    -0.52369
   2.16628  -1.46510  -3.19532    44.63084    45.25572    -0.62488
   1.35328  -0.76063  -3.19532    53.17897    53.78530    -0.60633
   1.59342  -2.49729  -3.78061    51.41541    52.02482    -0.60941
   1.07680  -1.60247  -3.78061    54.79961    55.50994    -0.71033
   0.61455  -4.11930   1.11444    52.67685    53.20648    -0.52963
   1.59309  -4.56618   1.11443    48.91380    49.06068    -0.14688
   2.65791  -4.41309   1.11443    50.35011    49.88248     0.46763
   1.30973  -5.10836   0.23849    51.74781    51.99354    -0.24572
   0.83155  -5.17090  -0.79475    56.55413    56.33043     0.22371
   3.77399  -2.67643  -2.70394    47.06294    47.42486    -0.36192
   3.47091  -1.64424  -2.70394    40.06196    40.14719    -0.08523
   2.65791  -0.93977  -2.70394    40.02893    40.77144    -0.74250
   2.89805  -2.67643  -3.28923    46.50929    46.83009    -0.32079
   2.38142  -1.78161  -3.28923    44.36706    44.81317    -0.44610
   1.39181  -0.36320  -2.77341    54.15996    54.71394    -0.55398
   0.09367  -2.43397   1.95986    68.28563    69.05007    -0.76443
   2.18826  -1.56758   2.97973    35.89668    34.66669     1.23000
   2.18826   0.22205  -2.00922    43.86106    44.79919    -0.93813
   1.92755  -2.64708   2.58894    42.00769    42.25577    -0.24807
   1.19392  -3.19513   2.00366    49.72390    51.07183    -1.34794
   2.17247  -3.64202   2.00366    43.57241    43.47420     0.09821
   3.99945   0.19800  -0.93878    12.98986    12.10153     0.88833
   4.05029  -0.72008  -1.81472    29.07226    28.78661     0.28565
   3.23728  -0.01560  -1.81472    29.32478    30.00619    -0.68141
   2.34425   4.05639   1.78735    42.25407    41.72132     0.53275
   1.27944   4.20949   1.78735    62.47732    62.70341    -0.22609
   2.10622   4.75167   0.91141    42.37201    42.11149     0.26052
   2.34425   0.58307  -2.03102    41.64528    41.45312     0.19216
  -3.41437  -0.50446  -3.34007    93.52885    94.32586    -0.79701
  -3.41437  -1.58022  -3.34007    86.89982    88.57763    -1.67780
  -1.85423  -2.93209  -3.34007    78.32737    79.48776    -1.16039
   2.06690   4.96515   0.05075    40.05881    40.68336    -0.62455
   1.54486   5.50937  -0.98250    45.12505    46.43981    -1.31476
  -0.04345   5.44682  -2.01574    57.09624    57.91789    -0.82164
  -1.04366   4.96515  -2.01574    66.77236    67.10421    -0.33185
   2.11773   1.98270  -2.89169    45.55670    45.10581     0.45089
   0.01290   2.89533  -4.00992    62.09124    62.65854    -0.56730
  -0.50372   2.00051  -4.21545    66.41491    67.83245    -1.41754
  -0.54605   1.13844   4.42414    72.02340    73.46691    -1.44351
  -2.09592   0.24362   4.42414    84.55133    85.30776    -0.75642
  -1.73381  -1.57834   4.11992    82.91453    82.08170     0.83283
  -1.45733  -2.42018   3.53463    80.45760    79.88538     0.57222
  -5.83144   0.95336   1.21293   105.49276   106.10041    -0.60765
  -4.83124  -3.42884   1.21293    87.90418    88.63982    -0.73564
  -6.97616  -0.99690   0.17968    86.46037    86.57984    -0.11947
  -6.77064  -2.03015   0.17968    84.23971    83.36900     0.87071
  -6.18535  -2.90609   0.17968    83.85930    82.89373     0.96557
  -6.52361  -2.07921  -0.85356    84.61440    83.63552     0.97889
  -5.83144  -2.94716  -0.85356    85.04120    84.11102     0.93018
  -5.52641  -2.43977  -1.72951    87.45766    87.31241     0.14526
  -4.79279  -1.89172  -2.31479    92.96383    93.69887    -0.73504
   3.82374   2.52980   1.98879    12.30334    12.40456    -0.10122
   3.27704   3.47670   1.98879    24.88425    24.24127     0.64298
   4.70057   2.52980   1.28954     4.10410     4.61362    -0.50953
   4.38780   3.59498   1.28954    10.77642    10.35795     0.41847
   3.54881   4.32197   1.28954    20.76505    20.03329     0.73176
   2.44996   4.47996   1.28954    37.42274    36.82287     0.59987
   4.38780   1.46462   1.28954    -2.83399    -1.09689    -1.73711
   5.18717   2.52980   0.27910     2.52053     2.54302    -0.02248
   4.94387   3.59577   0.27910     6.42436     5.98687     0.43749
   4.26215   4.45061   0.27910    12.46777    12.03143     0.43634
   3.27704   4.92502   0.27910    22.29868    22.19849     0.10019
   2.18366   4.92502   0.27910    38.50291    38.78375    -0.28083
   4.94387   1.46382   0.27910    -0.61329    -0.00550    -0.60779
   5.18717   2.52980  -0.84240     4.59026     4.21981     0.37045
   4.94387   3.59577  -0.84240     6.75790     6.59703     0.16087
   4.26215   4.45061  -0.84240    11.66613    12.04756    -0.38144
   3.27704   4.92502  -0.84240    20.80518    21.75262    -0.94743
   4.26215   0.60898  -0.84240     7.35788     6.69824     0.65963
   4.94387   1.46382  -0.84240     4.54229     4.20621     0.33609
   4.70057   2.52980  -1.85285     9.36781     9.16223     0.20559
   4.38780   3.59498  -1.85285    10.98502    11.58352    -0.59850
   3.54881   4.32197  -1.85285    18.06732    19.33585    -1.26853
   3.54881   0.73763  -1.85285    21.27253    20.63359     0.63894
   4.38780   1.46462  -1.85285    12.31892    11.66017     0.65875
   3.82374   2.52980  -2.55209    17.76862    17.95945    -0.19083
   3.27704   3.47670  -2.55209    22.82258    23.59294    -0.77037
   3.27704   1.58290  -2.55209    25.64641    25.18153     0.46488
   2.73035   2.52980  -2.80165    32.51235    32.46841     0.04395
   2.06861   0.39941   3.78598    37.31297    37.63944    -0.32647
   3.16199   0.39941   3.53642    21.73335    22.79347    -1.06012
   2.61530   1.34631   3.53642    32.43852    32.71231    -0.27379
   2.61530  -0.54749   3.53642    27.90643    28.11504    -0.20861
   4.03882   0.39941   2.83718    10.42780    11.42262    -0.99482
   3.72606   1.46459   2.83718    15.43446    16.22491    -0.79044
   2.88706   2.19158   2.83718    31.31697    30.63376     0.68321
   3.72606  -0.66577   2.83718    12.05480    11.48998     0.56482
   4.52542   0.39941   1.82673     1.45433     2.11219    -0.65786
   4.28212   1.46538   1.82673     2.75202     4.17514    -1.42313
   3.72120  -1.90515   3.04127    20.54329    20.44632     0.09697
   4.81458  -1.90515   2.79171    17.04122    17.64604    -0.60482
   4.26789  -0.95824   2.79171    11.56284    11.44807     0.11477
   2.62781  -1.90515   2.79171    30.43491    28.94033     1.49459
   3.17450  -2.85205   2.79171    30.13975    30.16267    -0.02292
   4.26789  -2.85205   2.79171    25.13147    25.86992    -0.73845
   5.69141  -1.90515   2.09246    18.72708    19.01998    -0.29290
   5.37865  -0.83997   2.09246     9.91256    10.40718    -0.49462
   4.53965  -0.11297   2.09246     3.28283     3.36331    -0.08047
   3.44080  -3.85531   2.09246    39.26706    39.41460    -0.14754
   4.53965  -3.69732   2.09246    36.31159    36.81479    -0.50320
   5.37865  -2.97032   2.09246    28.82521    29.07731    -0.25210
   6.17801  -1.90515   1.08202    23.64323    23.59863     0.04461
   5.93471  -0.83917   1.08202    12.59765    13.16855    -0.57091
   5.25300   0.01567   1.08202     3.94295     4.51397    -0.57103
   6.17801  -1.90515  -0.03949    29.89905    30.03515    -0.13610
   5.93471  -0.83917  -0.03949    16.71718    17.49582    -0.77864
   5.25300   0.01567  -0.03949     7.27257     7.86720    -0.59463
   4.26789   0.49008  -0.03949    -0.80103    -1.37663     0.57560
   5.37865  -0.83997  -1.04993    21.76798    22.41291    -0.64493
   4.53965  -0.11297  -1.04993    15.21794    14.99582     0.22212
   4.26789  -0.95824  -1.74917    30.03661    29.62445     0.41215
  -1.45546  -4.63718  -2.00744    70.24427    70.55182    -0.30755
  -0.60463  -5.22447  -2.00744    62.50755    62.78053    -0.27298
   0.42168  -5.34909  -2.00744    59.17271    58.99419     0.17852
  -1.63352  -3.73185  -3.08744    74.31648    74.66175    -0.34527
  -1.06367  -4.61856  -3.08744    65.68104    65.69047    -0.00943
  -0.10490  -5.05641  -3.08744    60.27129    60.07728     0.19401
   0.93840  -4.90641  -3.08744    58.15835    57.71914     0.43920
   1.73498  -4.21617  -3.08744    58.20410    57.50816     0.69594
   1.24132  -3.20484  -3.87806    55.28624    55.80556    -0.51932
  -0.37868  -2.26953  -3.87806    69.46681    69.94436    -0.47755
  -0.91868  -3.20484  -3.87806    68.82133    69.31769    -0.49636
  -0.37868  -4.14015  -3.87806    62.20038    62.26612    -0.06574
   0.70132  -4.14015  -3.87806    57.71540    57.75615    -0.04076
   0.16132  -3.20484  -4.16744    60.73557    61.32234    -0.58677
   2.17627  -5.38235  -0.05597    52.99668    53.59752    -0.60084
   3.21957  -5.23235  -0.05597    55.51280    55.91305    -0.40024
   1.67654  -5.55042  -1.13597    55.31639    55.40590    -0.08951
   2.70284  -5.67503  -1.13597    53.92656    54.30100    -0.37444
   3.66951  -5.30843  -1.13597    55.36212    55.63420    -0.27209
   4.35507  -4.53458  -1.13597    61.04806    60.84389     0.20417
   4.31310  -3.53078  -2.21597    54.08331    54.36360    -0.28030
   2.17627  -5.38235  -2.21597    55.33254    55.23875     0.09379
   3.21957  -5.23235  -2.21597    53.53944    53.77175    -0.23231
   4.01615  -4.54211  -2.21597    53.85748    54.19212    -0.33464
   3.52249  -3.53078  -3.00658    50.05164    50.66084    -0.60920
   1.90249  -4.46609  -3.00658    57.20841    56.67993     0.52848
   2.98249  -4.46609  -3.00658    52.69087    52.94907    -0.25820
   2.44249  -3.53078  -3.29597    52.30435    52.33775    -0.03340
   0.43368  -0.82444  -3.57562    65.42893    65.00238     0.42655
  -3.23177  -0.29742  -3.57562    90.38674    90.86880    -0.48207
  -3.23177  -1.35145  -3.57562    85.22950    86.73598    -1.50648
  -0.35693  -0.82444  -4.36623    68.11252    67.18047     0.93205
  -0.89693   0.11087  -4.36623    72.83861    72.00230     0.83631
  -1.97693   0.11087  -4.36623    77.48957    76.94778     0.54179
  -2.51693  -0.82444  -4.36623    76.82690    76.86093    -0.03404
  -1.97693  -1.75974  -4.36623    72.96311    73.23636    -0.27325
  -0.89693  -1.75974  -4.36623    69.46406    69.15731     0.30675
  -1.43693  -0.82444  -4.65562    71.15985    70.40446     0.75539
  -2.50677  -3.76779  -0.30526    90.39506    89.00181     1.39325
  -3.00650  -3.93585  -1.38526    85.46897    84.07711     1.39186
  -1.98019  -4.06047  -1.38526    80.67440    80.24730     0.42709
  -4.03539  -2.44323  -2.46526    91.30999    91.69031    -0.38032
  -3.46554  -3.32993  -2.46526    83.64168    83.25486     0.38681
  -2.50677  -3.76779  -2.46526    79.39902    79.14362     0.25540
  -2.78055  -2.85152  -3.25587    79.76389    80.89369    -1.12979
   0.56386   4.72945   1.49137    66.04039    65.86273     0.17766
  -0.51614   4.72945   1.49137    73.56606    72.89484     0.67122
  -1.05614   3.79414   1.49137    90.54650    90.71689    -0.17039
   0.80094   5.49572   0.70075    56.01998    55.74188     0.27810
  -0.24235   5.64572   0.70075    62.35636    61.31370     1.04266
  -1.20113   5.20786   0.70075    71.62573    70.36133     1.26439
  -1.77098   4.32116   0.70075    86.37749    85.53075     0.84675
   1.25088   5.57179  -0.37925    49.27340    50.21637    -0.94296
   0.28422   5.93840  -0.37925    55.27417    55.23154     0.04263
  -0.74208   5.81378  -0.37925    62.17861    61.41548     0.76313
  -1.59292   5.22649  -0.37925    71.59691    70.71846     0.87845
  -2.07337   4.31107  -0.37925    85.85504    85.45105     0.40399
  -0.24235   5.64572  -1.45925    58.45150    59.02745    -0.57595
  -1.20113   5.20786  -1.45925    67.25580    67.26562    -0.00982
   2.24355   5.27932  -1.81889    37.75648    38.15731    -0.40083
   1.27689   5.64593  -1.81889    46.51536    47.16023    -0.64487
   2.88715   3.50168  -2.89889    31.72798    31.54375     0.18423
   2.59019   4.51301  -2.89889    36.61251    35.86343     0.74908
   1.79361   5.20325  -2.89889    43.20709    42.35581     0.85128
   0.75032   5.35325  -2.89889    50.17328    49.76532     0.40796
  -0.20846   4.91539  -2.89889    58.87442    58.89011    -0.01569
   2.59019   2.49034  -2.89889    35.86929    35.65310     0.21619
   2.09653   3.50168  -3.68950    43.83194    42.64899     1.18295
   1.55653   4.43698  -3.68950    46.56158    45.15132     1.41026
   0.47653   4.43698  -3.68950    54.17516    53.27880     0.89637
   1.55653   2.56637  -3.68950    51.57087    51.01491     0.55595
   1.01653   3.50168  -3.97889    52.99175    52.02792     0.96383
  -2.45721   3.92947  -1.07254    88.23752    88.60378    -0.36625
  -1.99816   4.53539  -2.15254    72.87789    72.69568     0.18222
  -2.84900   3.94810  -2.15254    79.56615    79.30222     0.26393
  -3.32945   3.03268  -2.15254    90.92501    90.90073     0.02428
  -0.45514   4.21733  -3.23254    64.30029    64.09069     0.20960
  -1.49843   4.36733  -3.23254    66.22883    65.80676     0.42207
  -2.45721   3.92947  -3.23254    71.29754    70.56784     0.72970
  -3.02706   3.04277  -3.23254    79.30618    78.66376     0.64241
  -3.02706   1.98874  -3.23254    89.92429    89.54298     0.38131
  -0.69222   3.45106  -4.02315    63.32171    63.45373    -0.13202
  -1.77222   3.45106  -4.02315    67.00433    66.60779     0.39654
  -2.31222   2.51575  -4.02315    73.89300    73.70784     0.18516
  -1.77222   1.58045  -4.02315    77.39729    78.16510    -0.76782
  -1.23222   2.51575  -4.31254    67.30796    67.93038    -0.62242
   1.92037   0.26490  -2.14914    49.00528    49.54821    -0.54293
   1.87840   1.26870  -3.22914    50.57134    50.10840     0.46295
   0.78486  -0.43287  -3.22914    62.94355    62.65003     0.29352
   1.58144   0.25737  -3.22914    54.21697    53.87881     0.33816
   1.08778   1.26870  -4.01975    56.89198    56.74061     0.15137
   0.54778   2.20401  -4.01975    60.17294    60.75180    -0.57886
   0.54778   0.33339  -4.01975    63.21152    62.63763     0.57389
   0.00778   1.26870  -4.30914    64.20483    64.71083    -0.50600
  -1.43868   1.14845   4.58956    75.80723    77.01996    -1.21274
  -0.89868   2.08376   4.30017    73.43496    74.38272    -0.94777
  -1.97868   2.08376   4.30017    78.24722    78.71001    -0.46279
  -2.51868   1.14845   4.30017    84.97426    85.75768    -0.78342
  -0.66160   2.85002   3.50956    78.55850    79.30164    -0.74313
  -1.70489   3.00002   3.50956    81.03739    81.20757    -0.17019
  -2.66367   2.56217   3.50956    87.06050    87.17051    -0.11001
  -3.23352   1.67546   3.50956    96.19263    96.71330    -0.52067
  -1.17832   3.29270   2.42956    89.55772    90.27945    -0.72173
  -2.20463   3.16808   2.42956    93.62937    93.90601    -0.27663
  -3.05546   2.58079   2.42956   104.07684   104.47587    -0.39903
  -0.41343  -0.25549   4.81459    66.93257    66.27109     0.66148
   0.66657  -0.25549   4.52520    58.46273    57.01493     1.44781
   0.12657   0.67982   4.52520    65.07183    65.20017    -0.12834
  -0.95343  -1.19079   4.52520    72.91146    71.70068     1.21078
   0.12657  -1.19079   4.52520    62.80104    60.93492     1.86612
   1.45719  -0.25549   3.73459    48.17685    46.88087     1.29598
   1.16023   0.75585   3.73459    56.67187    55.98286     0.68901
  -0.67964  -2.10706   3.73459    73.98309    72.34882     1.63426
   0.36365  -1.95706   3.73459    62.49113    60.57923     1.91191
   1.16023  -1.26682   3.73459    53.39773    51.34986     2.04787
  -0.15307  -2.39974   2.65459    72.34312    71.44183     0.90129
   0.81359  -2.03313   2.65459    58.62958    58.48650     0.14308
  -3.15494  -3.10911   2.45129    89.85235    91.50396    -1.65161
  -2.19616  -3.54697   2.45129    80.70131    81.17589    -0.47458
  -1.15287  -3.39696   2.45129    75.34771    75.17770     0.17001
  -0.35629  -2.70672   2.45129    73.26429    72.79542     0.46887
  -2.69590  -3.71503   1.37129    87.40871    87.42372    -0.01501
  -1.66959  -3.83964   1.37129    79.16172    78.89657     0.26515
  -0.70293  -3.47304   1.37129    72.23038    72.43155    -0.20118
  -2.19616  -3.54697   0.29129    91.88639    90.79140     1.09498
  -2.91659  -0.74003   4.64934    82.20306    81.92707     0.27599
  -1.83659  -0.74003   4.35995    84.17809    83.78124     0.39685
  -2.37659   0.19528   4.35995    87.25600    87.83269    -0.57669
  -3.45659   0.19528   4.35995    87.63966    87.65520    -0.01555
  -3.99659  -0.74003   4.35995    85.35592    84.91950     0.43642
  -3.45659  -1.67533   4.35995    82.02569    81.83625     0.18944
  -2.37659  -1.67533   4.35995    81.11442    80.84741     0.26701
  -4.14158   0.67369   3.56934    98.63718    98.83631    -0.19913
  -4.71143  -0.21301   3.56934    95.88014    95.56254     0.31760
  -4.71143  -1.26704   3.56934    92.40139    92.07963     0.32176
  -4.14158  -2.15374   3.56934    87.65955    88.00006    -0.34051
  -3.18280  -2.59160   3.56934    84.40520    85.32263    -0.91743
   0.92504   2.03263   4.06549    60.68067    60.90148    -0.22081
   2.00504   2.03263   3.77611    46.90912    46.78806     0.12106
   1.46504   2.96794   3.77611    55.03580    55.00602     0.02978
   0.38504   2.96794   3.77611    66.86695    67.22059    -0.35364
   1.46504   1.09733   3.77611    51.94386    51.71221     0.23165
   2.49870   3.04397   2.98549    42.48094    42.23408     0.24686
   1.70212   3.73421   2.98549    53.68626    53.75793    -0.07167
   0.65882   3.88421   2.98549    65.19029    65.53048    -0.34019
  -0.29995   3.44635   2.98549    77.27818    78.00017    -0.72198
   1.18540   4.17689   1.90549    63.77211    64.11197    -0.33986
   0.15909   4.05227   1.90549    77.38402    78.04211    -0.65809
  -0.69174   3.46498   1.90549    91.27492    92.37450    -1.09958
  -2.06332   3.96699   1.24986    89.98415    89.69812     0.28603
  -3.02210   3.52913   1.24986    97.09775    97.06917     0.02858
  -2.56305   4.13505   0.16986    88.84290    88.55391     0.28898
  -3.41389   3.54776   0.16986    97.19492    97.40691    -0.21199
  -3.02210   3.52913  -0.91014    94.60200    95.25435    -0.65235
  -3.59195   2.64243  -0.91014   110.06368   111.34671    -1.28303
  -3.73899   2.66058  -1.49238   101.98157   102.63441    -0.65284
  -4.58983   2.07329  -1.49238   103.52635   103.65193    -0.12558
  -4.19804   2.05466  -2.57238    93.04788    92.65456     0.39332
  -4.76789   1.16796  -2.57238    95.94145    95.40138     0.54007
  -3.51304   1.57625  -3.36299    89.10112    88.64795     0.45317
  -4.05304   0.64094  -3.36299    90.63218    90.28601     0.34617
  -3.51304  -0.29436  -3.36299    93.45881    93.95111    -0.49230
  -2.97304   0.64094  -3.65238    89.77832    89.61266     0.16566
  -4.22564  -3.82608   0.90189    86.22592    86.52354    -0.29762
  -3.18235  -3.67608   0.90189    91.66470    91.51660     0.14810
  -5.57621  -3.40685  -0.17811    84.20638    83.53041     0.67598
  -4.72537  -3.99414  -0.17811    82.58727    82.08763     0.49964
  -3.69907  -4.11876  -0.17811    85.26445    84.40388     0.86057
  -2.73241  -3.75215  -0.17811    92.07675    90.62375     1.45300
  -5.18442  -3.38822  -1.25811    83.76865    83.19389     0.57475
  -4.22564  -3.82608  -1.25811    84.77774    83.80975     0.96800
  -4.49943  -2.90981  -2.04873    88.52954    88.35420     0.17534
  -5.38731  -0.17216   2.97237    97.83951    97.61415     0.22535
  -5.92731  -1.10747   2.97237    87.69095    87.31674     0.37422
  -5.38731  -2.04278   2.97237    87.53847    87.44561     0.09286
  -5.11352   0.74411   2.18176   114.19819   114.19026     0.00794
  -6.07230   0.30625   2.18176    95.25530    95.53591    -0.28061
  -6.64215  -0.58046   2.18176    86.07314    86.07773    -0.00460
  -6.64215  -1.63448   2.18176    82.43452    82.13201     0.30251
  -6.07230  -2.52119   2.18176    82.58374    82.45374     0.13000
  -5.11352  -2.95904   2.18176    86.55323    87.15708    -0.60385
  -4.07022  -2.80904   2.18176    96.02162    97.60502    -1.58340
  -6.46409   0.32488   1.10176    94.88508    95.98736    -1.10228
  -6.94454  -0.59055   1.10176    86.60804    87.12255    -0.51451
  -6.94454  -1.62439   1.10176    83.21999    83.00705     0.21294
  -6.46409  -2.53981   1.10176    83.14755    82.69094     0.45661
  -5.64724   1.51567  -0.58195   102.89801   103.13212    -0.23411
  -6.49807   0.92838  -0.58195    91.22015    91.55604    -0.33589
  -6.97852   0.01296  -0.58195    85.76853    86.03703    -0.26849
  -6.97852  -1.02089  -0.58195    84.80914    84.61620     0.19294
  -5.14751   1.34761  -1.66195   103.42817   103.13399     0.29418
  -6.10628   0.90975  -1.66195    90.85298    90.55829     0.29469
  -6.67613   0.02305  -1.66195    84.71432    84.40860     0.30572
  -6.67613  -1.03098  -1.66195    83.17455    82.83938     0.33517
  -6.10628  -1.91768  -1.66195    85.97702    85.62107     0.35595
  -5.42129   0.43134  -2.45257    93.41876    92.99214     0.42661
  -5.96129  -0.50396  -2.45257    86.34122    86.08365     0.25756
  -5.42129  -1.43927  -2.45257    88.38737    88.68263    -0.29526
  -4.88129  -0.50396  -2.74195    94.54638    94.68993    -0.14355
  -3.99457   1.67959   2.66099   110.90508   111.19439    -0.28931
  -4.53457   0.74428   2.66099   115.45284   115.55246    -0.09962
  -3.72079   2.59586   1.87038   109.91461   110.08943    -0.17482
  -4.67956   2.15800   1.87038   107.61891   107.47712     0.14179
  -5.24941   1.27130   1.87038   110.43429   110.39001     0.04428
  -4.22052   2.76392   0.79038   109.72653   109.84346    -0.11693
  -5.07135   2.17663   0.79038   108.76399   108.70014     0.06386
  -4.67956   2.15800  -0.28962   114.08322   114.44704    -0.36382
   3.83894  -4.55021   1.20627    50.84135    50.61441     0.22694
   4.88223  -4.40021   1.20627    47.70395    47.43157     0.27238
   5.67881  -3.70997   1.20627    41.94291    41.58510     0.35781
   6.26515  -2.69864   0.12627    38.23221    37.87572     0.35649
   4.36551  -4.84289   0.12627    57.25604    56.76802     0.48802
   5.33217  -4.47628   0.12627    52.35565    51.63039     0.72526
   6.01774  -3.70244   0.12627    46.39444    45.73567     0.65877
   5.97577  -2.69864  -0.95373    43.05072    42.81343     0.23729
   4.88223  -4.40021  -0.95373    58.14847    57.52953     0.61894
   5.67881  -3.70997  -0.95373    51.18455    50.51293     0.67162
   5.18515  -2.69864  -1.74434    47.88521    47.60876     0.27645
   4.64515  -3.63394  -1.74434    57.86112    57.62466     0.23646
   0.04714  -3.38588   1.53295    61.76521    62.49100    -0.72579
  -0.70264  -3.95465   1.01200    67.09715    67.58457    -0.48742
  -1.54172  -4.02440   0.21387    76.61039    76.70484    -0.09445
  -0.73887  -4.74729   0.21387    62.22422    62.80259    -0.57837
   0.28860  -5.08113   0.21387    54.49488    54.82127    -0.32639
  -1.22027  -4.85497  -0.76519    66.33330    66.91860    -0.58530
  -0.24834  -5.33893  -0.76519    58.28600    58.74095    -0.45495
   2.18241  -1.45474  -3.58426    45.59922    46.08416    -0.48494
   1.36124  -0.74319  -3.58426    53.32792    53.63279    -0.30487
   1.58623  -2.49729  -4.10521    50.68569    51.18732    -0.50162
   1.07320  -1.60869  -4.10521    54.18560    54.65604    -0.47044
   0.56017  -2.49729  -4.28613    57.50996    58.16791    -0.65796
   0.60199  -4.13379   1.50338    53.15555    53.65619    -0.50065
   1.59037  -4.58516   1.50338    47.98370    48.13943    -0.15573
   2.66587  -4.43053   1.50338    47.03414    46.72151     0.31263
   0.56576  -4.92643   0.70525    52.60213    52.90704    -0.30492
   1.59323  -5.26027   0.70525    49.62209    49.87306    -0.25097
   2.66765  -5.14734   0.70525    50.63950    50.83900    -0.19951
   1.05628  -5.51807  -0.27381    52.70110    52.84678    -0.14568
   1.05628  -5.51807  -1.31570    55.88835    55.69913     0.18923
   4.46288  -2.67643  -2.29475    47.79741    47.69341     0.10400
   3.79316  -2.67643  -3.09289    44.64473    44.95053    -0.30580
   3.48704  -1.63387  -3.09289    40.03633    40.21475    -0.17841
   2.66587  -0.92233  -3.09289    41.31453    41.81468    -0.50015
   2.89086  -2.67643  -3.61383    45.63170    45.90747    -0.27577
   2.37783  -1.78783  -3.61383    45.00190    45.40809    -0.40619
   2.37783  -3.56502  -3.61383    50.52270    50.59719    -0.07450
   2.18467  -1.56136   3.30433    36.89905    35.97236     0.92669
   1.39720  -2.58150   2.78339    48.22481    48.58045    -0.35563
   0.37260  -2.92276   1.98526    60.40313    61.43862    -1.03549
   2.18467   0.21583  -2.33382    44.83572    45.33253    -0.49681
   1.93114  -2.64086   2.91355    42.00774    41.94097     0.06677
   1.18137  -3.20962   2.39260    49.93948    50.70027    -0.76079
   2.16974  -3.66100   2.39260    42.55448    42.56976    -0.01527
   4.18263   0.17848  -1.40553    17.95564    17.54115     0.41449
   4.37254  -1.75226  -2.20367    39.53990    39.17064     0.36926
   4.06642  -0.70971  -2.20367    31.09756    31.01885     0.07871
   3.24525   0.00184  -2.20367    31.81509    32.22286    -0.40776
   2.35222   4.07383   2.17630    42.83484    42.55939     0.27544
   2.35400   4.79065   1.37817    39.26362    38.93646     0.32715
   1.27958   4.90358   1.37817    55.31964    55.24708     0.07256
   2.35222   0.56563  -2.41997    42.73765    42.59908     0.13857
  -4.12382  -1.58251  -2.93088    90.38794    91.34640    -0.95846
  -3.43277  -1.58562  -3.72902    80.77034    81.92252    -1.15219
  -2.84533  -2.49970  -3.72902    76.16298    77.35954    -1.19656
  -1.85696  -2.95107  -3.72902    73.31135    74.18125    -0.86991
   1.82852   5.65958  -0.46155    41.63909    42.45484    -0.81575
   0.78422   5.95671  -1.50344    48.75863    49.50171    -0.74308
  -0.78742   5.26489  -2.48250    59.85029    60.08852    -0.23823
  -2.28416   4.35819  -0.99450    81.80837    81.83910    -0.03073
   0.00931   2.88911  -4.33452    58.91293    59.30024    -0.38732
  -1.01675   1.11192  -4.33452    71.12970    71.71508    -0.58537
  -0.50372   2.00051  -4.51545    63.17153    64.05100    -0.87947
  -1.06268   0.24362   4.92966    70.00497    70.40191    -0.39694
  -0.54965   1.13222   4.74874    67.64325    68.55392    -0.91067
  -2.08874   0.24362   4.74874    78.30050    78.81708    -0.51658
  -1.57571  -0.64497   4.74874    75.44902    75.18944     0.25958
   0.55957   1.28618   4.22779    63.09435    63.46528    -0.37093
  -1.73741  -1.57212   4.44452    77.19279    76.57098     0.62181
  -1.44937  -2.43762   3.92358    74.95517    74.41470     0.54047
  -2.52201  -3.26737   3.12544    79.19993    80.02251    -0.82258
  -0.51198  -2.61427   3.12544    72.31497    71.35893     0.95604
  -4.54774  -3.58075   1.67968    83.99318    84.74634    -0.75316
  -6.05660   1.36078   0.70063    98.00974    98.50778    -0.49805
  -6.78806   0.55840   0.70063    88.12924    88.94520    -0.81596
  -7.18028  -0.45403   0.70063    82.81697    83.31224    -0.49527
  -7.18028  -1.53978   0.70063    80.03980    79.87104     0.16876
  -6.78806  -2.55221   0.70063    78.73305    78.19826     0.53479
  -6.05660  -3.35458   0.70063    78.85534    78.53681     0.31853
  -7.18028  -1.53978  -0.34126    79.29886    78.92272     0.37615
  -6.78806  -2.55221  -0.34126    77.95185    77.16711     0.78474
  -6.05660  -3.35458  -0.34126    78.63834    77.96305     0.67529
  -6.37805  -2.52401  -1.32032    79.21913    78.63268     0.58645
  -5.53897  -2.45426  -2.11845    82.54831    82.55952    -0.01121
  -4.78919  -1.88550  -2.63940    87.87741    88.45550    -0.57809
   3.80186   2.52980   2.30521    16.89494    16.88461     0.01033
   3.26611   3.45775   2.30521    27.93245    27.47829     0.45416
   4.71025   2.52980   1.69825     8.76965     9.17937    -0.40972
   4.44499   3.51975   1.69825    14.37190    14.16416     0.20774
   3.72030   4.24444   1.69825    22.31193    21.81700     0.49493
   2.73035   4.50970   1.69825    34.64752    34.18318     0.46434
   5.31721   2.52980   0.78986     6.11176     6.31676    -0.20500
   5.09357   3.58197   0.78986     9.86754     9.63239     0.23515
   4.46130   4.45221   0.78986    15.18457    14.78604     0.39854
   3.52974   4.99005   0.78986    23.27216    22.97226     0.29990
   2.45995   5.10249   0.78986    35.78849    35.69042     0.09806
   5.09357   1.47762   0.78986     2.43607     3.15470    -0.71863
   5.53035   2.52980  -0.28165     6.66446     6.54086     0.12360
   5.34127   3.54127  -0.28165     8.82068     8.59560     0.22508
   4.79958   4.41614  -0.28165    12.46732    12.34943     0.11789
   3.97842   5.03625  -0.28165    18.30773    18.45518    -0.14745
   2.98870   5.31785  -0.28165    27.35904    27.82365    -0.46461
   4.79958   0.64345  -0.28165     4.08933     4.09332    -0.00399
   5.34127   1.51832  -0.28165     5.39202     5.46851    -0.07650
   5.31721   2.52980  -1.35316     9.42086     9.18765     0.23321
   5.09357   3.58197  -1.35316    10.76163    10.79295    -0.03132
   4.46130   4.45221  -1.35316    14.53933    14.98089    -0.44156
   3.52974   4.99005  -1.35316    21.65714    22.45233    -0.79518
   4.46130   0.60738  -1.35316    13.59504    13.13567     0.45938
   5.09357   1.47762  -1.35316    10.20242     9.86453     0.33789
   4.71025   2.52980  -2.26155    14.29951    14.23151     0.06800
   4.44499   3.51975  -2.26155    15.42689    15.84130    -0.41440
   3.72030   4.24444  -2.26155    20.73864    21.48349    -0.74485
   2.73035   0.54990  -2.26155    36.08569    35.99643     0.08925
   3.72030   0.81515  -2.26155    23.82806    23.40552     0.42254
   4.44499   1.53985  -2.26155    16.89601    16.50638     0.38963
   3.80186   2.52980  -2.86851    22.19084    22.27732    -0.08648
   3.26611   3.45775  -2.86851    26.76413    27.01510    -0.25096
   3.26611   1.60184  -2.86851    29.04989    28.74166     0.30823
   2.06861   0.39941   4.06598    39.10647    39.17099    -0.06452
   3.14012   0.39941   3.85284    25.68756    26.32257    -0.63500
   2.60436   1.32737   3.85284    34.39807    34.63304    -0.23497
   2.60436  -0.52855   3.85284    30.99088    31.02637    -0.03549
   4.04850   0.39941   3.24588    15.67904    16.39868    -0.71963
   3.78325   1.38936   3.24588    19.48145    20.09573    -0.61428
   3.05855   2.11405   3.24588    30.29785    30.16509     0.13276
   3.05855  -1.31523   3.24588    24.83544    23.99127     0.84417
   3.78325  -0.59054   3.24588    17.00712    17.00202     0.00510
   4.65547   0.39941   2.33750     7.52091     8.13949    -0.61859
   4.43182   1.45158   2.33750     9.58391    10.47865    -0.89474
   3.79955   2.32183   2.33750    15.82333    15.92557    -0.10224
   3.72120  -1.90515   3.32127    23.28973    23.17273     0.11700
   4.79271  -1.90515   3.10813    19.58609    19.97789    -0.39180
   4.25695  -0.97719   3.10813    15.63495    15.61458     0.02037
   2.64968  -1.90515   3.10813    31.54835    30.59006     0.95830
   3.18544  -2.83310   3.10813    31.06584    31.02492     0.04092
   4.25695  -2.83310   3.10813    26.17499    26.61526    -0.44027
   5.70110  -1.90515   2.50117    19.60377    19.92385    -0.32008
   5.43584  -0.91520   2.50117    13.52948    13.90777    -0.37830
   4.71115  -0.19050   2.50117     8.89282     9.14985    -0.25704
   2.73125  -3.61979   2.50117    38.77844    38.69000     0.08844
   3.72120  -3.88504   2.50117    36.13159    36.39053    -0.25894
   4.71114  -3.61979   2.50117    32.38799    32.78105    -0.39307
   5.43584  -2.89510   2.50117    26.50704    26.80853    -0.30149
   6.30806  -1.90515   1.59278    22.24133    22.31435    -0.07302
   6.08441  -0.85297   1.59278    14.42957    14.82494    -0.39536
   5.45214   0.01727   1.59278     7.77770     8.25697    -0.47927
   6.08441  -2.95732   1.59278    31.12862    30.98693     0.14169
   6.52120  -1.90515   0.52127    26.40721    26.43399    -0.02679
   6.33212  -0.89367   0.52127    17.51610    17.95611    -0.44001
   5.79042  -0.01880   0.52127    10.03923    10.61299    -0.57375
   4.96926   0.60131   0.52127     1.84102     2.27617    -0.43515
   6.30806  -1.90515  -0.55025    31.13498    31.30192    -0.16694
   6.08441  -0.85297  -0.55025    20.73927    21.27538    -0.53611
   5.45214   0.01727  -0.55025    12.77098    13.17378    -0.40280
   5.43584  -0.91520  -1.45863    25.59769    25.90749    -0.30980
   4.71115  -0.19050  -1.45863    20.12436    20.03858     0.08578
   4.79271  -1.90515  -2.06560    39.83002    39.61041     0.21962
  -1.29754  -5.03419  -1.47339    65.58881    66.00838    -0.41957
  -0.35934  -5.48600  -1.47339    59.00549    59.32797    -0.32248
  -1.94679  -4.22005  -2.54149    73.05236    73.11209    -0.05974
  -1.29754  -5.03419  -2.54149    63.82855    63.95126    -0.12272
  -0.35934  -5.48600  -2.54149    58.39035    58.40008    -0.00973
   0.68198  -5.48600  -2.54149    56.24706    55.99154     0.25552
  -1.63907  -3.73348  -3.50382    69.89397    70.27052    -0.37654
  -1.06746  -4.62292  -3.50382    62.34674    62.39601    -0.04927
  -0.10572  -5.06214  -3.50382    57.40552    57.29860     0.10692
   0.94080  -4.91167  -3.50382    55.18705    54.96355     0.22350
   1.73984  -4.21929  -3.50382    54.53003    54.29459     0.23544
   1.20264  -3.20484  -4.16977    53.68661    54.13372    -0.44712
  -0.35934  -2.30303  -4.16977    65.97228    66.34526    -0.37298
  -0.88000  -3.20484  -4.16977    65.21998    65.64512    -0.42514
  -0.35934  -4.10665  -4.16977    59.30431    59.45013    -0.14583
   0.68198  -4.10665  -4.16977    55.28990    55.41358    -0.12368
   0.16132  -3.20484  -4.40744    58.38434    58.84415    -0.45982
   3.22197  -5.23761   0.36041    52.82074    53.00965    -0.18891
   1.92182  -5.81194  -0.60192    51.88730    52.19970    -0.31240
   2.96315  -5.81194  -0.60192    51.32703    51.68199    -0.35496
   3.90134  -5.36013  -0.60192    53.77554    53.88116    -0.10562
   1.92182  -5.81194  -1.67002    52.95780    52.98565    -0.02785
   2.96315  -5.81194  -1.67002    51.12811    51.33907    -0.21096
   3.90134  -5.36013  -1.67002    51.53662    51.72261    -0.18599
   4.55060  -4.54599  -1.67002    54.13423    54.11131     0.02292
   4.31888  -3.53078  -2.63234    49.15274    49.45622    -0.30349
   2.17545  -5.38808  -2.63234    52.99767    52.88644     0.11123
   3.22197  -5.23761  -2.63234    50.53381    50.71262    -0.17882
   4.02101  -4.54524  -2.63234    49.90863    50.20609    -0.29746
   3.48381  -3.53078  -3.29829    47.80445    48.23128    -0.42683
   1.92183  -4.43259  -3.29829    54.68911    54.39147     0.29764
   2.96315  -4.43259  -3.29829    50.21705    50.40993    -0.19288
   0.43947  -0.82444  -3.99199    62.72936    62.36178     0.36758
  -2.66571   0.59365  -3.99199    83.41563    83.29880     0.11683
  -3.23732  -0.29579  -3.99199    82.50181    82.78336    -0.28155
  -3.23732  -1.35308  -3.99199    78.75295    79.65966    -0.90671
  -2.66571  -2.24252  -3.99199    74.75218    75.84429    -1.09212
  -1.70397  -2.68173  -3.99199    71.82293    72.56812    -0.74519
  -0.39561  -0.82444  -4.65794    64.83047    64.20125     0.62922
  -0.91627   0.07737  -4.65794    68.67527    68.10400     0.57127
  -1.95759   0.07737  -4.65794    72.64116    72.26641     0.37475
  -2.47825  -0.82444  -4.65794    72.27685    72.26396     0.01289
  -1.95759  -1.72625  -4.65794    69.06175    69.20398    -0.14223
  -0.91627  -1.72625  -4.65794    65.94711    65.73661     0.21050
  -1.43693  -0.82444  -4.89562    67.53830    67.04572     0.49258
  -2.76121  -4.19738  -0.85121    82.18431    81.16697     1.01734
  -3.69941  -3.74557  -1.91931    82.79065    81.93339     0.85726
  -2.76121  -4.19738  -1.91931    77.37229    76.75101     0.62128
  -4.04094  -2.44486  -2.88164    84.61986    85.19032    -0.57047
  -3.46933  -3.33430  -2.88164    78.23606    78.31810    -0.08204
  -2.50759  -3.77351  -2.88164    75.11869    75.23963    -0.12095
  -2.76121  -2.81803  -3.54758    76.21380    77.27274    -1.05894
   0.54452   4.69595   1.78308    64.86199    64.87473    -0.01274
  -0.49680   4.69595   1.78308    71.75894    71.47970     0.27925
  -1.01746   3.79414   1.78308    87.64787    88.04652    -0.39865
   0.80334   5.50097   1.11713    55.06742    54.81232     0.25510
  -0.24318   5.65144   1.11713    60.88424    60.16345     0.72079
  -1.20492   5.21223   1.11713    69.86214    69.01978     0.84235
  -1.77653   4.32279   1.11713    84.29649    83.77504     0.52144
   1.48272   5.62350   0.15480    46.75340    47.19162    -0.43821
   0.54452   6.07531   0.15480    52.23651    52.10632     0.13019
  -0.49680   6.07531   0.15480    58.19908    57.54134     0.65773
  -1.43500   5.62350   0.15480    66.11720    65.27109     0.84611
  -2.08425   4.80936   0.15480    77.90126    77.25663     0.64463
   0.54452   6.07531  -0.91330    50.82363    51.32311    -0.49948
  -0.49680   6.07531  -0.91330    56.67651    56.57557     0.10093
  -1.43500   5.62350  -0.91330    64.36017    63.97915     0.38101
  -2.08425   4.80936  -0.91330    75.48701    75.24834     0.23868
   2.47539   5.33103  -1.28484    33.84982    34.70301    -0.85319
   3.12464   4.51689  -2.35294    27.73994    28.15342    -0.41348
   2.47539   5.33103  -2.35294    35.95484    35.90739     0.04745
   1.53719   5.78284  -2.35294    42.89008    42.91289    -0.02282
   0.49587   5.78284  -2.35294    49.93082    50.23537    -0.30455
   2.89293   3.50168  -3.31526    34.00859    33.60107     0.40753
   2.59506   4.51613  -3.31526    36.86766    36.15187     0.71578
   1.79601   5.20850  -3.31526    42.05915    41.28554     0.77361
   0.74949   5.35897  -3.31526    48.25107    47.75325     0.49781
  -0.21225   4.91976  -3.31526    56.15673    55.94990     0.20684
   2.59506   2.48722  -3.31526    38.05390    37.71313     0.34078
   2.05785   3.50168  -3.98121    43.21030    42.33197     0.87833
   1.53719   4.40349  -3.98121    45.20497    44.18143     1.02354
   0.49587   4.40349  -3.98121    51.99788    51.30814     0.68974
   1.53719   2.59986  -3.98121    50.05907    49.62599     0.43308
   1.01653   3.50168  -4.21889    51.04441    50.36765     0.67676
  -2.69108   4.34511  -1.61848    77.70779    77.71661    -0.00882
  -3.34033   3.53097  -1.61848    87.72993    88.00525    -0.27532
  -1.75288   4.79692  -2.68659    65.80279    65.60829     0.19450
  -2.69108   4.34511  -2.68659    70.59301    70.21794     0.37507
  -3.34033   3.53097  -2.68659    78.30559    77.97322     0.33237
  -0.45273   4.22258  -3.64891    60.38819    60.15510     0.23309
  -1.49926   4.37305  -3.64891    62.36928    62.04020     0.32908
  -2.46099   3.93384  -3.64891    66.90513    66.38819     0.51695
  -3.03261   3.04440  -3.64891    73.82590    73.36678     0.45912
  -3.03261   1.98711  -3.64891    82.34859    82.10676     0.24183
  -0.71156   3.41757  -4.31486    60.49899    60.62992    -0.13093
  -1.75288   3.41757  -4.31486    63.73097    63.53754     0.19343
  -2.27354   2.51575  -4.31486    69.73383    69.68607     0.04776
  -1.75288   1.61394  -4.31486    72.85329    73.39340    -0.54012
  -1.23222   2.51575  -4.55254    64.39096    64.86268    -0.47172
   2.11589   0.25349  -2.68319    46.64524    46.78998    -0.14474
   1.88418   1.26870  -3.64551    49.22903    48.92838     0.30065
   0.78726  -0.43813  -3.64551    61.25101    60.91499     0.33602
   1.58631   0.25425  -3.64551    52.81739    52.56322     0.25417
   1.04910   1.26870  -4.31146    55.04505    54.98633     0.05873
   0.52844   0.36689  -4.31146    60.65775    60.30765     0.35009
   0.00778   1.26870  -4.54914    61.64365    62.00965    -0.36600
  -1.43868   1.14845   4.82956    72.05822    72.97284    -0.91462
  -0.91802   2.05026   4.59188    69.43162    70.23361    -0.80199
  -1.95934   2.05026   4.59188    73.71926    74.22943    -0.51017
  -2.48000   1.14845   4.59188    79.45635    80.11025    -0.65390
  -0.65920   2.85528   3.92593    72.33651    72.96397    -0.62746
  -1.70572   3.00575   3.92593    75.08338    75.34934    -0.26595
  -2.66746   2.56653   3.92593    80.32222    80.53277    -0.21055
  -3.23907   1.67709   3.92593    87.77037    88.21784    -0.44748
  -0.91802   3.42961   2.96361    80.14467    80.74779    -0.60312
  -1.95934   3.42961   2.96361    82.61871    82.83430    -0.21559
  -2.89754   2.97780   2.96361    88.93739    89.12920    -0.19181
  -3.54679   2.16366   2.96361    99.41189    99.76845    -0.35656
  -0.41343  -0.25549   5.05459    63.73996    63.25537     0.48458
   0.62789  -0.25549   4.81691    56.29069    55.28141     1.00928
   0.10723   0.64633   4.81691    61.91835    61.97233    -0.05398
  -0.93409  -1.15730   4.81691    68.58433    67.70277     0.88157
   0.10723  -1.15730   4.81691    59.91231    58.57697     1.33533
   1.46297  -0.25549   4.15096    48.11588    47.08910     1.02679
   1.16510   0.75897   4.15096    54.40364    53.99568     0.40797
  -0.68047  -2.11278   4.15096    69.03160    67.76800     1.26360
   0.36606  -1.96232   4.15096    59.29404    57.76858     1.52546
   1.16510  -1.26994   4.15096    51.66184    50.10091     1.56092
   0.10723  -2.53665   3.18864    64.54427    63.61827     0.92600
   1.04543  -2.08484   3.18864    53.95003    53.07428     0.87575
  -2.19699  -3.55269   2.86766    76.66772    77.16558    -0.49786
  -1.15047  -3.40222   2.86766    72.03448    71.91318     0.12131
  -0.35142  -2.70985   2.86766    70.91602    70.20392     0.71210
  -3.38881  -3.52474   1.90534    87.25416    88.15594    -0.90178
  -2.45061  -3.97655   1.90534    78.55016    78.76600    -0.21584
  -1.40929  -3.97655   1.90534    72.56198    72.52733     0.03465
  -0.47109  -3.52474   1.90534    67.82121    67.96615    -0.14493
  -2.45061  -3.97655   0.83724    83.65925    83.27404     0.38521
  -1.40929  -3.97655   0.83724    75.35273    75.36486    -0.01212
  -2.91659  -0.74003   4.88934    77.34870    77.17372     0.17498
  -1.87526  -0.74003   4.65166    78.61614    78.35939     0.25675
  -2.39592   0.16178   4.65166    81.32623    81.72298    -0.39675
  -3.43725   0.16178   4.65166    81.64384    81.67704    -0.03320
  -3.95791  -0.74003   4.65166    79.66108    79.39015     0.27093
  -3.43725  -1.64184   4.65166    76.96240    76.80777     0.15463
  -2.39592  -1.64184   4.65166    76.20652    75.95762     0.24891
  -4.14536   0.67806   3.98571    89.52244    89.65102    -0.12859
  -4.71697  -0.21138   3.98571    87.22364    86.99630     0.22733
  -4.71697  -1.26867   3.98571    84.33042    84.09264     0.23778
  -4.14536  -2.15811   3.98571    80.82182    80.96626    -0.14444
  -3.18362  -2.59732   3.98571    78.32585    78.77316    -0.44731
  -4.37544   1.08932   3.02339   105.09941   105.34901    -0.24959
  -4.37544  -2.56938   3.02339    88.22794    88.98311    -0.75517
   0.92504   2.03263   4.30549    57.87409    58.10631    -0.23222
   1.96636   2.03263   4.06782    46.13953    46.11097     0.02856
   1.44570   2.93445   4.06782    52.58530    52.62535    -0.04005
   0.40438   2.93445   4.06782    62.94193    63.29334    -0.35141
   1.44570   1.13082   4.06782    51.23605    51.10349     0.13255
   2.50356   3.04709   3.40187    41.68467    41.54882     0.13585
   1.70452   3.73946   3.40187    50.88879    50.92815    -0.03935
   0.65800   3.88993   3.40187    60.89929    61.14496    -0.24567
  -0.30374   3.45072   3.40187    71.83160    72.37477    -0.54317
   2.38390   3.86199   2.43954    43.16973    42.96796     0.20177
   1.44570   4.31380   2.43954    55.23356    55.38881    -0.15526
   0.40438   4.31380   2.43954    66.64121    67.01429    -0.37307
  -0.53382   3.86199   2.43954    78.53835    79.16161    -0.62326
  -2.06414   3.97271   1.66624    86.74911    86.70574     0.04337
  -3.02588   3.53350   1.66624    93.63098    93.72858    -0.09760
  -2.31776   4.39657   0.70391    83.85396    83.42031     0.43365
  -3.25596   3.94476   0.70391    89.30759    89.27107     0.03652
  -3.90521   3.13062   0.70391   103.40696   103.63063    -0.22368
  -2.31776   4.39657  -0.36419    83.65895    83.40114     0.25781
  -3.25596   3.94476  -0.36419    88.34861    88.55500    -0.20639
  -3.90521   3.13062  -0.36419   100.62476   101.21788    -0.59312
  -4.43190   2.47029  -0.95833   104.20352   104.70398    -0.50045
  -4.43190   2.47029  -2.02643    92.22273    92.21622     0.00651
  -5.08115   1.65616  -2.02643    95.15405    94.90694     0.24712
  -4.20182   2.05903  -2.98875    86.30529    85.94550     0.35979
  -4.77343   1.16958  -2.98875    88.34221    87.94457     0.39764
  -4.77343   0.11230  -2.98875    91.87026    91.72775     0.14252
  -4.20182  -0.77714  -2.98875    94.26746    94.86698    -0.59952
  -3.49370   1.54275  -3.65470    83.84619    83.54385     0.30234
  -4.01436   0.64094  -3.65470    85.07452    84.87396     0.20056
  -3.49370  -0.26087  -3.65470    87.75398    88.12992    -0.37593
  -2.97304   0.64094  -3.89238    84.82941    84.72250     0.10691
  -4.22647  -3.83180   1.31826    83.66486    84.18602    -0.52116
  -5.41829  -3.80386   0.35594    79.52327    79.31100     0.21228
  -4.48009  -4.25567   0.35594    78.99759    78.80615     0.19144
  -3.43877  -4.25567   0.35594    82.00887    81.57072     0.43814
  -2.50057  -3.80386   0.35594    88.65668    87.81652     0.84015
  -5.41829  -3.80386  -0.71216    78.20325    77.68222     0.52103
  -4.48009  -4.25567  -0.71216    78.34184    77.72227     0.61956
  -3.43877  -4.25567  -0.71216    81.95012    80.97364     0.97648
  -5.18821  -3.39259  -1.67449    80.03062    79.64934     0.38128
  -4.22647  -3.83180  -1.67449    81.10597    80.38675     0.71922
  -4.48009  -2.87632  -2.34044    85.01563    85.01383     0.00180
  -5.36797  -0.20566   3.26408    92.61620    92.42025     0.19595
  -5.88863  -1.10747   3.26408    83.67195    83.41803     0.25392
  -5.36797  -2.00928   3.26408    83.65571    83.60673     0.04897
  -5.11435   0.74983   2.59813   105.47229   105.50256    -0.03027
  -6.07608   0.31062   2.59813    89.92642    90.02521    -0.09879
  -6.64770  -0.57883   2.59813    81.68944    81.62564     0.06380
  -6.64770  -1.63611   2.59813    78.28841    78.06608     0.22233
  -6.07608  -2.52555   2.59813    78.46254    78.39113     0.07141
  -5.11435  -2.96477   2.59813    82.27136    82.71816    -0.44680
  -6.30617   0.72188   1.63581    93.02336    93.57275    -0.54939
  -6.95542  -0.09226   1.63581    83.50094    83.91416    -0.41321
  -7.18713  -1.10747   1.63581    78.81191    78.83487    -0.02297
  -6.95542  -2.12268   1.63581    77.18056    76.94856     0.23199
  -6.30617  -2.93682   1.63581    78.04327    77.92570     0.11757
  -5.36797  -3.38863   1.63581    81.62143    82.01844    -0.39701
  -6.34015   1.32539  -0.04790    92.35229    92.83211    -0.47982
  -6.98940   0.51125  -0.04790    84.88780    85.44878    -0.56098
  -5.40195   1.77720  -1.11600    99.28325    99.34566    -0.06241
  -6.34015   1.32539  -1.11600    87.77652    87.82012    -0.04360
  -6.98940   0.51125  -1.11600    81.49290    81.52127    -0.02838
  -7.22112  -0.50396  -1.11600    78.89265    78.80018     0.09246
  -6.98940  -1.51918  -1.11600    79.40050    78.99349     0.40702
  -6.11007   0.91412  -2.07833    85.73584    85.46150     0.27434
  -6.68168   0.02468  -2.07833    80.20260    79.94394     0.25866
  -6.68168  -1.03261  -2.07833    78.78518    78.55509     0.23009
  -6.11007  -1.92205  -2.07833    81.21331    81.08548     0.12783
  -5.40195   0.39785  -2.74428    88.55781    88.26508     0.29273
  -5.92261  -0.50396  -2.74428    82.34084    82.20176     0.13908
  -5.40195  -1.40577  -2.74428    84.29951    84.55498    -0.25548
  -4.88129  -0.50396  -2.98195    89.86092    90.01501    -0.15409
  -3.97523   1.64610   2.95270   104.36410   104.72588    -0.36177
  -3.72161   2.60158   2.28676   102.69026   102.91467    -0.22441
  -4.68335   2.16237   2.28676   100.59757   100.59832    -0.00076
  -5.25496   1.27293   2.28676   103.28149   103.30812    -0.02663
  -3.97523   3.02545   1.32443   102.40659   102.51736    -0.11076
  -4.91343   2.57364   1.32443   100.22404   100.18625     0.03779
  -5.56268   1.75950   1.32443   101.74741   101.80716    -0.05975
  -4.91343   2.57364   0.25633   102.85050   103.00676    -0.15626
  -5.56268   1.75950   0.25633   104.81179   105.04521    -0.23341
  -4.68335   2.16237  -0.70600   109.55686   109.95851    -0.40165
   3.83811  -4.55593   1.62265    45.40907    45.34754     0.06154
   4.88463  -4.40547   1.62265    42.37829    42.31461     0.06368
   5.68368  -3.71309   1.62265    37.17552    37.04669     0.12883
   6.44498  -2.69864   0.66032    33.39052    33.11862     0.27191
   3.58449  -4.97980   0.66032    53.18703    53.05653     0.13050
   4.62581  -4.97980   0.66032    49.79167    49.44886     0.34280
   5.56401  -4.52799   0.66032    45.61400    45.16310     0.45091
   6.21326  -3.71385   0.66032    40.40761    39.98391     0.42370
   6.44498  -2.69864  -0.40778    37.28447    37.07309     0.21137
   4.62581  -4.97980  -0.40778    54.31933    53.94711     0.37221
   5.56401  -4.52799  -0.40778    49.21370    48.64020     0.57350
   6.21326  -3.71385  -0.40778    43.86080    43.36287     0.49794
   5.98155  -2.69864  -1.37010    41.10844    40.94005     0.16839
   4.88463  -4.40547  -1.37010    54.49604    54.16921     0.32683
   5.68368  -3.71309  -1.37010    47.93066    47.49220     0.43846
   5.14647  -2.69864  -2.03605    45.33170    45.14173     0.18997
