
Resp charges for organic molecule                                               

iqopt   irstrnt  ihfree     qwt
  2      1      1        0.001000

 rel.rms   dipole mom       Qxx      Qyy      Qzz
    0.01393  19.78097  38.94410  -4.77437 -34.16973

          Point charges before & after optimization
    NO   At.No.    q0           q(opt)   IVARY  d(rstr)/dq 
     1     6  -0.155301      -0.155301  -99    0.005414
     2     6  -0.424300      -0.424300  -99    0.002294
     3     6   0.028396       0.028396  -99    0.009620
     4     6  -0.200326      -0.200326  -99    0.004466
     5     6   0.321683       0.321683  -99    0.002969
     6     6   0.292087       0.292087  -99    0.003239
     7     6   0.521642       0.521642  -99    0.001883
     8     6  -0.064120      -0.048064    0    0.009013
     9     6  -0.092880      -0.069019    0    0.008230
    10     6  -0.039734      -0.080009    0    0.007808
    11     6  -0.095997      -0.055760    0    0.008734
    12     6  -0.052877      -0.100414    0    0.007057
    13     6   0.044212       0.044212  -99    0.009146
    14     6  -0.000823      -0.000823  -99    0.010000
    15     6  -0.075581      -0.075581  -99    0.007978
    16     6  -0.009394      -0.009394  -99    0.009956
    17     6  -0.330796      -0.358652    0    0.002686
    18     7  -0.030120      -0.030120  -99    0.009575
    19     8  -0.556444      -0.556444  -99    0.001769
    20     8  -0.407776      -0.407776  -99    0.002382
    21     8  -0.629537      -0.629537  -99    0.001569
    22     1   0.173664       0.173664  -99    0.000000
    23     1   0.238258       0.238258  -99    0.000000
    24     1   0.088550       0.087358    0    0.000000
    25     1   0.090030       0.087358   24    0.000000
    26     1   0.064530       0.054711    0    0.000000
    27     1   0.057770       0.054711   26    0.000000
    28     1   0.054563       0.069541    0    0.000000
    29     1   0.066474       0.069541   28    0.000000
    30     1   0.063883       0.074250    0    0.000000
    31     1   0.103901       0.074250   30    0.000000
    32     1   0.120344       0.141111    0    0.000000
    33     1   0.129375       0.141111   32    0.000000
    34     1   0.150668       0.150668  -99    0.000000
    35     1   0.074330       0.074330  -99    0.000000
    36     1   0.147921       0.147921  -99    0.000000
    37     1   0.183865       0.179343    0    0.000000
    38     1   0.166484       0.179343   37    0.000000
    39     1   0.166689       0.179343   37    0.000000
    40     1   0.343623       0.343623  -99    0.000000
    41     1   0.473062       0.473062  -99    0.000000

        Statistics of the fitting:
  The initial sum of squares (ssvpot)                     17.630
  The residual sum of squares (chipot)                     0.003
  The std err of estimate (sqrt(chipot/N))               0.00156
  ESP relative RMS (SQRT(chipot/ssvpot))                 0.01393

 Dipole Moment (Debye)=  19.78097
