  924     6      5851683.8285899777     1544.4881925174
   2.67147   2.23830   1.35368    58.57251    61.17504    -2.60254
   2.96598   0.58400  -1.51498    66.13222    65.58455     0.54768
   3.20187  -2.64692  -0.02695    58.60115    60.14802    -1.54686
   2.56050   0.40324  -1.73235    70.30292    69.67169     0.63123
   2.08055   1.38648  -2.50100    66.82234    69.58244    -2.76010
   0.50555   2.29581  -2.50100    76.75903    80.00810    -3.24907
  -0.48897  -3.02392  -1.44836    96.38536    98.12123    -1.73587
   1.22700  -2.55880  -2.21701    75.66650    78.26037    -2.59387
  -1.85164   3.31864  -0.05154    82.23680    84.90125    -2.66445
   0.47573   3.58039  -1.10154    71.52482    70.74299     0.78183
  -1.48826  -1.52150   2.46032    96.16704    96.67887    -0.51182
   0.31724  -3.17581   1.69167    78.37127    78.50706    -0.13579
  -1.48224  -0.39311   2.58168    99.61323    98.62655     0.98668
  -3.81254  -0.88045   0.11736   136.74149   134.65823     2.08326
  -1.31206  -2.02239  -1.98264   136.96078   138.46264    -1.50186
  -2.59256   0.54125  -2.75129   136.73135   140.42948    -3.69813
  -3.11756  -0.36808  -2.75129   134.52064   138.20391    -3.68327
   1.60280   0.75435   3.01752    68.93882    67.12958     1.80924
   2.59028   0.75435   2.69667    60.01467    60.97438    -0.95971
   1.90794   1.69350   2.69667    64.08250    63.37339     0.70911
   1.90794  -0.18480   2.69667    68.66757    68.18136     0.48621
   2.82676   1.78138   1.85667    56.72106    60.40140    -3.68033
   1.88025   2.32785   1.85667    64.15039    64.52899    -0.37860
   0.80391   2.13806   1.85667    77.27472    75.08311     2.19161
   3.91285   0.99850   1.58493    52.52950    54.97951    -2.45001
   3.23052   1.93765   1.58493    54.58693    57.62736    -3.04043
   4.52315   0.99850   0.74493    52.55002    52.20251     0.34751
   4.14934   2.02553   0.74493    53.42968    52.57720     0.85248
   3.20282   2.57201   0.74493    56.97358    57.08552    -0.11194
   4.14934  -0.02853   0.74493    54.34816    55.95548    -1.60732
   4.52315   0.99850  -0.29337    54.40841    52.93834     1.47007
   4.14934   2.02553  -0.29337    55.55348    53.36618     2.18729
   3.20282   2.57201  -0.29337    60.86610    58.38277     2.48333
   4.14934  -0.02853  -0.29337    56.96582    57.01177    -0.04595
   3.91285   0.99850  -1.13337    58.11878    57.17214     0.94663
   4.37111  -1.10406  -0.26978    53.68555    54.37397    -0.68841
   3.99730  -2.13109  -0.26978    54.11698    55.43308    -1.31610
   4.37111  -1.10406  -1.30808    55.62146    53.80448     1.81698
   3.99730  -0.07703  -1.30808    58.37215    57.33135     1.04080
   3.05078  -2.67756  -1.30808    61.51441    60.84429     0.67012
   3.99730  -2.13109  -1.30808    56.35129    54.86389     1.48740
   3.76081  -1.10406  -2.14808    59.37016    57.12712     2.24304
   3.07848  -0.16491  -2.14808    64.19747    63.74545     0.45202
   1.97445  -0.52363  -2.14808    77.26725    77.33123    -0.06398
   1.97445  -1.68448  -2.14808    73.86625    74.49209    -0.62584
   3.07848  -2.04321  -2.14808    62.46280    61.08884     1.37396
   2.77333  -1.10406  -2.46893    65.92211    65.23922     0.68289
   2.40473  -1.43172   2.54091    64.11630    63.06521     1.05109
   3.39221  -1.43172   2.22006    56.99111    56.47738     0.51373
   2.70988  -0.49258   2.22006    62.44540    63.48719    -1.04179
   1.60584  -0.85130   2.22006    75.78982    74.99792     0.79190
   1.60584  -2.01215   2.22006    73.42737    71.36124     2.06613
   2.70988  -2.37087   2.22006    61.09996    59.24629     1.85367
   4.00250  -1.43172   1.38006    53.34704    54.51980    -1.17276
   3.62870  -0.40469   1.38006    56.40426    58.71129    -2.30703
   1.60584  -2.81544   1.38006    72.73808    70.25126     2.48682
   2.68218  -3.00523   1.38006    61.16000    59.85317     1.30683
   3.62870  -2.45875   1.38006    55.13805    54.89440     0.24365
   2.68218  -3.00523   0.34177    62.65980    62.38894     0.27086
   3.62870  -2.45875   0.34177    54.91186    56.94393    -2.03207
   1.91549   3.18179   0.32414    65.32129    63.07195     2.24933
   2.83431   3.26967  -0.51586    60.19745    56.99233     3.20512
   1.88779   3.81614  -0.51586    62.80758    59.55572     3.25186
   3.20811   2.24264  -1.55415    60.41793    58.42085     1.99708
   2.83431   3.26967  -1.55415    59.62977    56.12594     3.50384
   1.88779   3.81614  -1.55415    61.82531    58.71838     3.10693
   0.81145   3.62636  -1.55415    67.76895    67.06933     0.69962
   2.59782   2.24264  -2.39415    61.21585    60.99985     0.21599
   1.91549   3.18179  -2.39415    62.12064    60.78372     1.33692
   0.81145   2.82307  -2.39415    70.05139    72.03229    -1.98090
   1.61034   2.24264  -2.71501    65.82450    68.25035    -2.42585
   2.02401  -0.25070  -2.08308    77.04559    76.81389     0.23171
   1.78752   0.77633  -2.92308    72.00968    73.14953    -1.13985
   1.10519   1.71548  -2.92308    72.97326    76.01580    -3.04254
   0.00115   1.35675  -2.92308    93.87151    95.03379    -1.16228
   0.00115   0.19590  -2.92308   113.10893   110.75578     2.35315
   1.10519  -0.16282  -2.92308    88.05170    86.46833     1.58337
   0.80004   0.77633  -3.24393    84.05377    83.95419     0.09958
  -0.43718  -2.68603  -1.90491    98.92180   101.85337    -2.93158
   1.34919  -1.30231  -2.74491    81.24133    81.50952    -0.26819
  -0.43718  -1.88274  -2.74491   107.43925   108.23835    -0.79911
   0.66686  -2.24146  -2.74491    82.75784    84.69038    -1.93254
   0.36171  -1.30231  -3.06576    95.80305    95.08817     0.71488
   1.23344  -3.65218   0.85053    71.92618    69.12664     2.79954
   0.12940  -4.09675   0.01053    79.03814    76.13723     2.90092
   1.20574  -4.28654   0.01053    69.63299    65.64797     3.98502
   2.15226  -3.74006   0.01053    65.62128    62.75585     2.86543
  -0.57313  -3.25951  -1.02776    95.69775    95.94387    -0.24612
   0.12940  -4.09675  -1.02776    78.03857    75.82807     2.21051
   1.20574  -4.28654  -1.02776    69.40106    65.73077     3.67030
   2.15226  -3.74006  -1.02776    65.57272    62.86518     2.70755
   1.91577  -2.71303  -1.86776    70.03910    70.51254    -0.47344
   0.12940  -3.29346  -1.86776    82.54917    84.30632    -1.75715
   1.23344  -3.65218  -1.86776    70.55522    69.56138     0.99384
  -0.10571   2.91014   2.07066    73.40163    72.20962     1.19202
   0.88177   2.91014   1.74981    69.39892    67.84122     1.55771
   0.19944   3.84929   1.74981    66.74487    63.43121     3.31366
  -0.90459   3.49057   1.74981    72.92166    71.38836     1.53329
   1.49207   2.91014   0.90981    68.75362    66.61749     2.13613
   1.11826   3.93717   0.90981    64.87675    61.19463     3.68211
   0.17175   4.48364   0.90981    65.15573    60.89074     4.26499
  -0.90459   4.29386   0.90981    68.54608    66.06019     2.48589
  -1.60712   3.45661   0.90981    78.28500    78.48364    -0.19864
   1.11826   3.93717  -0.12848    66.61440    63.21842     3.39598
   0.17175   4.48364  -0.12848    65.69134    62.78511     2.90623
  -0.90459   4.29386  -0.12848    68.96033    68.52972     0.43061
   0.19944   3.84929  -0.96848    69.81156    69.53640     0.27515
  -1.75776   3.53105  -0.37498    78.95349    81.77704    -2.82355
  -2.46029   2.69380  -0.37498    98.29346    99.80377    -1.51032
  -0.68142   3.72083  -1.41328    72.62533    74.92128    -2.29595
  -1.75776   3.53105  -1.41328    79.85222    81.22310    -1.37088
  -2.46029   2.69380  -1.41328   100.56518   100.46596     0.09922
  -0.65372   3.08648  -2.25328    79.13982    80.64359    -1.50376
  -1.75776   2.72776  -2.25328    92.64836    92.72994    -0.08157
  -1.75776   1.56691  -2.25328   125.98670   127.32537    -1.33867
  -0.95887   2.14733  -2.57413    96.18250    97.30876    -1.12626
  -1.78118  -3.05621   1.99485    84.89392    87.09005    -2.19613
  -0.67715  -3.41494   1.99485    77.62973    80.15606    -2.52634
  -2.48371  -3.02226   1.15485    96.85971    97.25126    -0.39155
  -1.78118  -3.85950   1.15485    84.22280    84.07048     0.15232
  -0.70484  -4.04929   1.15485    78.58807    78.52151     0.06656
   0.24167  -3.50282   1.15485    79.87879    78.83149     1.04730
  -2.48371  -3.02226   0.11655   111.19888   110.32895     0.86992
  -1.78118  -3.85950   0.11655    91.54994    90.70448     0.84546
  -0.70484  -4.04929   0.11655    84.27512    83.10973     1.16538
  -1.78118  -3.05621  -0.72345   115.00902   114.45602     0.55301
  -0.67715  -3.41494  -0.72345    95.26758    94.86744     0.40013
  -0.00795  -1.46835   3.32586    77.72844    76.58965     1.13879
   0.97953  -1.46835   3.00501    75.32191    73.33422     1.98769
   0.29720  -0.52920   3.00501    83.07125    81.56512     1.50612
  -0.80684  -0.88792   3.00501    87.38395    87.29151     0.09244
  -0.80684  -2.04877   3.00501    80.15196    81.36532    -1.21336
   0.29720  -2.40750   3.00501    74.21908    73.62542     0.59365
   0.26950  -3.04185   2.16501    75.89677    76.72268    -0.82591
   1.21602  -2.49538   2.16501    74.62398    72.87907     1.74491
  -0.42315   0.87849   3.48765    75.74403    76.32394    -0.57991
   0.56433   0.87849   3.16680    76.56090    74.80152     1.75938
  -0.11801   1.81764   3.16680    73.21994    73.56280    -0.34287
  -1.22204   1.45892   3.16680    76.91251    80.32346    -3.41095
  -1.22204   0.29807   3.16680    83.52077    85.53211    -2.01133
  -0.11801  -0.06066   3.16680    82.61337    82.05725     0.55612
   0.80081   1.90552   2.32680    76.77731    74.58645     2.19086
  -0.14570   2.45199   2.32680    76.05827    75.84105     0.21723
  -1.90748   1.56301   3.02636    78.77854    81.84441    -3.06587
  -1.60233   2.50216   2.70551    75.55061    77.22347    -1.67286
  -2.70637   2.14343   2.70551    78.77169    79.16143    -0.38974
  -2.70637   0.98258   2.70551    87.07733    88.62460    -1.54726
  -1.63003   3.13651   1.86551    77.30105    77.46662    -0.16557
  -2.70637   2.94672   1.86551    79.30386    79.08712     0.21674
  -3.40890   2.10948   1.86551    85.94373    85.58884     0.35490
  -3.40890   1.01654   1.86551    96.94685    97.37279    -0.42594
  -2.70637   2.94672   0.82721    86.27146    87.19326    -0.92179
  -3.40890   2.10948   0.82721    97.35489    97.69350    -0.33861
  -3.40890   1.01654   0.82721   117.31574   117.17455     0.14119
  -2.70637   2.14343  -0.01279   111.45058   112.42516    -0.97458
  -2.32456  -0.68055   2.79807    93.61548    93.01293     0.60255
  -3.12345  -0.10012   2.47722    95.68333    94.93931     0.74402
  -3.12345  -1.26098   2.47722    94.17668    92.45202     1.72465
  -2.01942  -1.61970   2.47722    95.48273    95.62328    -0.14055
  -3.82598  -0.13408   1.63721   103.68782   102.44041     1.24741
  -3.82598  -1.22702   1.63721   101.91609    99.82003     2.09606
  -3.12345  -2.06426   1.63721   101.67909   100.70289     0.97620
  -3.82598  -0.13408   0.59892   125.97889   124.28656     1.69233
  -3.82598  -1.22702   0.59892   121.93066   120.01797     1.91269
  -3.12345  -2.06426   0.59892   122.78333   121.40314     1.38019
  -1.04740  -1.83234  -2.15094   134.70160   136.18579    -1.48419
  -0.33737  -0.25884  -2.99094   123.14254   121.04362     2.09892
  -1.01971   0.68031  -2.99094   124.28963   124.81557    -0.52594
  -2.12374   0.32159  -2.99094   133.95711   137.41703    -3.45991
  -2.12374  -0.83927  -2.99094   136.52616   140.16277    -3.63660
  -1.01971  -1.19799  -2.99094   126.76110   127.42264    -0.66154
  -1.32485  -0.25884  -3.31179   125.27225   126.16370    -0.89145
  -3.52346   0.99144   0.31712   129.88246   128.05115     1.83131
  -3.52346   1.79473  -0.52288   123.51091   121.29017     2.22074
  -4.22599   0.95749  -0.52288   125.33217   123.13137     2.20080
  -4.22599  -0.13545  -0.52288   134.64419   133.98139     0.66281
  -3.52346   1.79473  -1.56118   122.86216   120.90105     1.96111
  -4.22599   0.95749  -1.56118   124.38950   122.90971     1.47979
  -4.22599  -0.13545  -1.56118   133.78587   134.76245    -0.97658
  -2.41942   1.35017  -2.40118   131.42791   133.24995    -1.82204
  -3.52346   0.99144  -2.40118   126.36351   126.75819    -0.39468
  -3.37115  -1.81575   0.21617   134.39291   131.92230     2.47061
  -4.07368  -1.78180  -0.62383   127.92361   125.91326     2.01035
  -3.37115  -2.61904  -0.62383   125.51537   122.51499     3.00037
  -2.29481  -2.80883  -0.62383   128.23700   126.26479     1.97221
  -4.07368  -0.68885  -1.66213   138.05869   139.68549    -1.62681
  -4.07368  -1.78180  -1.66213   125.84685   124.50487     1.34198
  -3.37115  -2.61904  -1.66213   123.51755   120.86110     2.65644
  -2.29481  -2.80883  -1.66213   125.38057   123.79376     1.58681
  -1.34829  -2.26235  -1.66213   133.84955   134.31515    -0.46561
  -3.37115  -1.81575  -2.50213   126.27960   126.19762     0.08198
  -2.26711  -2.17447  -2.50213   128.56398   129.19636    -0.63237
  -2.57226  -1.23532  -2.82298   135.92023   139.05414    -3.13392
   2.69546   2.29083   1.80005    56.63467    58.88508    -2.25041
   2.43664   2.86516   0.83773    60.42849    60.30842     0.12007
   4.34876  -0.91866   0.50710    51.89462    53.98858    -2.09396
   1.81003   3.09331   0.81403    64.65277    63.20327     1.44950
   2.90694   1.38648  -2.17873    61.53218    62.24092    -0.70874
   2.60907   0.37202  -2.17873    67.22210    67.87936    -0.65726
   0.50989   2.28829  -2.84468    74.54343    77.33213    -2.78869
  -0.52678  -3.06755  -1.89474    92.98300    95.05426    -2.07125
   2.28052  -2.66393  -1.89474    66.54090    66.75286    -0.21196
  -0.27805   2.72046   2.42073    72.50565    72.55739    -0.05174
  -1.48224  -0.39311   2.88168    91.37823    91.76237    -0.38413
  -4.40738  -0.36808  -0.39859   124.19705   123.62711     0.56994
  -1.28807  -2.07491  -2.42902   123.46231   125.20947    -1.74715
  -2.58822   0.53373  -3.09497   121.91175   124.73952    -2.82777
  -3.10888  -0.36808  -3.09497   120.60010   123.43155    -2.83145
  -2.58822  -1.26989  -3.09497   122.87452   125.35081    -2.47628
   1.60280   0.75435   3.25752    65.77625    64.76200     1.01426
   2.56280   0.75435   3.00029    58.40127    59.06581    -0.66454
   2.08280   1.58573   3.00029    60.38746    60.27203     0.11543
   1.12280   1.58573   3.00029    69.19370    67.83619     1.35751
   1.12280  -0.07704   3.00029    74.41845    73.12584     1.29261
   2.08280  -0.07704   3.00029    64.04715    63.95601     0.09114
   3.26557   0.75435   2.29752    54.44771    57.50119    -3.05348
   2.94800   1.73170   2.29752    54.88689    57.36251    -2.47562
   2.11662   2.33574   2.29752    59.86047    60.48117    -0.62070
   1.08897   2.33574   2.29752    69.00928    68.12285     0.88643
   3.88537   0.99850   1.88855    51.32155    53.94067    -2.61912
   3.40537   1.82989   1.88855    52.67125    55.40778    -2.73653
   4.58814   0.99850   1.18578    49.93809    50.66510    -0.72701
   4.27058   1.97586   1.18578    50.46268    50.80781    -0.34513
   3.43920   2.57989   1.18578    53.40204    54.22781    -0.82577
   4.27058   0.02115   1.18578    51.90729    53.83634    -1.92906
   4.84537   0.99850   0.22578    50.59445    50.08722     0.50724
   4.58814   1.95850   0.22578    51.02947    49.98035     1.04912
   3.88537   2.66127   0.22578    53.44194    52.42000     1.02194
   2.92537   2.91850   0.22578    59.02312    57.85127     1.17185
   4.58814   0.03850   0.22578    52.15013    52.81015    -0.66002
   4.58814   0.99850  -0.73422    52.83349    51.98886     0.84463
   4.27058   1.97586  -0.73422    53.62481    52.19099     1.43382
   3.88537   0.99850  -1.43699    57.07953    56.64155     0.43798
   4.43610  -1.10406   0.17107    51.73580    53.46191    -1.72611
   4.11854  -2.08141   0.17107    52.13362    54.22710    -2.09348
   4.69333  -1.10406  -0.78893    51.78401    51.54737     0.23664
   4.43610  -0.14406  -0.78893    54.32819    54.11519     0.21300
   3.73333  -2.76683  -0.78893    54.89617    55.14205    -0.24587
   4.43610  -2.06406  -0.78893    51.94289    51.90277     0.04012
   4.43610  -1.10406  -1.74893    53.73454    52.40956     1.32499
   4.11854  -0.12671  -1.74893    56.09455    55.27552     0.81903
   3.28716   0.47733  -1.74893    62.07485    62.07580    -0.00096
   3.28716  -2.68545  -1.74893    58.41138    57.78571     0.62567
   4.11854  -2.08141  -1.74893    54.36146    53.16790     1.19356
   3.73333  -1.10406  -2.45170    57.48914    56.25251     1.23662
   3.25333  -0.27267  -2.45170    61.20465    60.86990     0.33475
   2.29333  -0.27267  -2.45170    70.89149    71.35896    -0.46747
   2.29333  -1.93544  -2.45170    67.49102    67.95181    -0.46079
   3.25333  -1.93544  -2.45170    59.56494    58.67749     0.88745
   2.77333  -1.10406  -2.70893    64.19903    63.99137     0.20766
   2.40473  -1.43172   2.78091    61.95449    61.39743     0.55706
   3.36473  -1.43172   2.52368    55.30939    55.19231     0.11708
   2.88473  -0.60034   2.52368    59.16263    60.03414    -0.87152
   1.92473  -2.26311   2.52368    65.72291    64.48236     1.24055
   2.88473  -2.26311   2.52368    57.69294    56.69495     0.99799
   4.06750  -1.43172   1.82091    51.82935    52.61607    -0.78672
   3.74994  -0.45437   1.82091    54.04706    56.05000    -2.00294
   1.89091  -3.01311   1.82091    65.71526    64.34003     1.37523
   2.91855  -3.01311   1.82091    57.33158    56.41677     0.91481
   3.74994  -2.40908   1.82091    52.94428    52.74907     0.19521
   4.32473  -1.43172   0.86091    50.98016    52.97543    -1.99526
   2.40473  -3.35172   0.86091    62.48539    61.46793     1.01745
   3.36473  -3.09449   0.86091    55.16303    55.40817    -0.24514
   4.06750  -2.39172   0.86091    51.55105    52.78032    -1.22927
   2.95555   3.21999  -0.07501    57.95678    56.13938     1.81739
   2.12416   3.82403  -0.07501    59.89762    57.62496     2.27266
   3.27311   3.20264  -1.03501    56.41023    54.00219     2.40804
   2.57034   3.90541  -1.03501    57.10628    54.46873     2.63755
   1.61034   4.16264  -1.03501    60.38438    58.20240     2.18198
   3.27311   2.24264  -1.99501    57.61165    56.66503     0.94662
   2.95555   3.21999  -1.99501    56.51980    54.51756     2.00224
   2.12416   3.82403  -1.99501    58.09357    56.16787     1.92570
   1.09652   3.82403  -1.99501    62.67312    62.13439     0.53874
   2.57034   2.24264  -2.69777    59.42860    59.88124    -0.45265
   2.09034   3.07403  -2.69777    59.32533    58.95862     0.36671
   1.13034   3.07403  -2.69777    64.50104    65.59123    -1.09019
   1.61034   2.24264  -2.95501    64.52869    66.72159    -2.19290
   2.46281   0.77633  -2.52393    65.86624    67.20600    -1.33976
   2.14525  -0.20102  -2.52393    72.48908    72.89534    -0.40626
   1.76004   0.77633  -3.22670    70.05168    71.09579    -1.04411
   1.28004   1.60771  -3.22670    70.05325    72.26557    -2.21232
   0.32004   1.60771  -3.22670    81.42352    83.13768    -1.71416
  -0.15996   0.77633  -3.22670   100.15662   100.15468     0.00194
   0.32004  -0.05506  -3.22670    98.38824    97.09209     1.29615
   1.28004  -0.05506  -3.22670    80.21883    79.80618     0.41265
   0.80004   0.77633  -3.48393    80.39546    80.74193    -0.34647
  -0.98350  -2.27966  -2.34576   113.79006   115.53606    -1.74600
  -0.15211  -2.88370  -2.34576    87.75425    90.34032    -2.58606
   1.32171  -1.30231  -3.04853    78.60534    78.97042    -0.36508
   0.84171  -0.47093  -3.04853    91.10625    89.82294     1.28330
  -0.11829  -2.13370  -3.04853    91.99403    93.18264    -1.18861
   0.84171  -2.13370  -3.04853    78.80259    80.14641    -1.34382
   0.36171  -1.30231  -3.30576    90.98127    90.83214     0.14912
   1.40829  -3.54442   1.15415    69.16149    67.30138     1.86011
   0.41447  -4.29442   0.45138    72.42617    70.30824     2.11794
   1.44211  -4.29442   0.45138    65.44211    62.92516     2.51695
   2.27350  -3.69039   0.45138    62.91240    61.27114     1.64127
  -0.03171  -4.37580  -0.50862    75.37140    73.51363     1.85778
   0.92829  -4.63304  -0.50862    67.07593    64.31723     2.75870
   1.88829  -4.37580  -0.50862    62.81857    60.16701     2.65157
   2.59106  -3.67303  -0.50862    61.27519    59.79703     1.47816
  -0.41692  -3.69039  -1.46862    84.47497    84.83060    -0.35563
   0.41447  -4.29442  -1.46862    71.51410    70.14299     1.37111
   1.44211  -4.29442  -1.46862    65.04032    63.04377     1.99655
   2.27350  -3.69039  -1.46862    62.66192    61.36429     1.29763
   0.44829  -3.54442  -2.17138    75.04145    76.04551    -1.00406
   1.40829  -3.54442  -2.17138    67.56038    67.62409    -0.06371
  -0.10571   2.91014   2.31066    70.95613    70.44115     0.51499
   0.85429   2.91014   2.05343    67.35482    66.34269     1.01214
   0.37429   3.74153   2.05343    63.87010    61.92866     1.94144
  -0.58571   3.74153   2.05343    66.97548    65.59122     1.38426
   1.55706   2.91014   1.35066    65.61179    64.64361     0.96818
   1.23950   3.88749   1.35066    61.72157    59.38088     2.34069
   0.40812   4.49153   1.35066    61.33693    58.38587     2.95107
  -0.61953   4.49153   1.35066    63.77228    61.54805     2.22424
  -1.45091   3.88749   1.35066    70.39521    69.83953     0.55568
   1.55706   3.87014   0.39066    62.71367    60.17164     2.54203
   0.85429   4.57291   0.39066    61.06204    58.17544     2.88660
  -0.10571   4.83014   0.39066    61.88241    59.47373     2.40868
  -1.06571   4.57291   0.39066    65.35818    64.41102     0.94716
  -1.76847   3.87014   0.39066    73.26532    74.28741    -1.02208
   0.40812   4.49153  -0.56934    63.18298    61.64857     1.53441
  -0.61953   4.49153  -0.56934    65.37905    65.42868    -0.04964
  -1.91887   3.81010  -0.89413    75.24032    77.14126    -1.90094
  -2.62164   3.10733  -0.89413    89.10391    90.12051    -1.01660
  -0.44505   3.72872  -1.85413    70.34863    72.10002    -1.75138
  -1.47270   3.72872  -1.85413    74.34072    75.67162    -1.33091
  -2.30408   3.12468  -1.85413    86.84398    87.35472    -0.51075
  -0.47887   2.97872  -2.55690    77.19092    78.87420    -1.68328
  -1.43887   2.97872  -2.55690    82.87034    83.71351    -0.84317
  -1.91887   2.14733  -2.55690   102.42901   103.18233    -0.75332
  -0.95887   2.14733  -2.81413    92.48010    93.85088    -1.37078
  -1.94229  -2.47579   2.29847    87.22173    89.32018    -2.09845
  -1.46229  -3.30717   2.29847    77.12939    79.29144    -2.16206
  -0.50229  -3.30717   2.29847    74.53860    76.98985    -2.45126
  -2.32750  -3.45314   1.59570    83.77745    84.48823    -0.71078
  -1.49612  -4.05718   1.59570    75.97945    76.56063    -0.58118
  -0.46847  -4.05718   1.59570    73.01119    73.65245    -0.64126
  -2.90229  -2.47579   0.63570   114.00205   113.46459     0.53746
  -2.64506  -3.43579   0.63570    93.70408    93.46182     0.24226
  -1.94229  -4.13856   0.63570    82.39116    82.04975     0.34142
  -0.98229  -4.39579   0.63570    76.89683    76.42243     0.47441
  -0.02229  -4.13856   0.63570    76.32134    75.06420     1.25714
  -2.32750  -3.45314  -0.32430   102.24409   101.52652     0.71757
  -1.49612  -4.05718  -0.32430    87.04403    86.57662     0.46741
  -0.46847  -4.05718  -0.32430    82.72937    81.48004     1.24933
  -1.46229  -3.30717  -1.02707   103.70702   103.75875    -0.05173
  -0.00795  -1.46835   3.56586    73.13496    72.59265     0.54231
   0.95205  -1.46835   3.30863    70.78959    69.58935     1.20024
   0.47205  -0.63696   3.30863    76.12133    75.11128     1.01005
  -0.48795  -0.63696   3.30863    80.91020    80.88135     0.02885
  -0.96795  -1.46835   3.30863    79.20348    79.75348    -0.55000
  -0.48795  -2.29973   3.30863    73.00770    73.71419    -0.70649
   0.47205  -2.29973   3.30863    69.71527    69.17630     0.53897
  -0.52178  -3.04973   2.60586    74.07838    76.38246    -2.30408
   0.50587  -3.04973   2.60586    70.23329    70.44680    -0.21352
   1.33726  -2.44570   2.60586    69.49432    68.35811     1.13621
  -0.42315   0.87849   3.72765    71.52623    72.24354    -0.71731
   0.53685   0.87849   3.47042    71.45131    70.63360     0.81771
   0.05685   1.70988   3.47042    69.10985    69.31517    -0.20532
  -0.90315   1.70988   3.47042    70.91564    72.89314    -1.97750
  -1.38315   0.87849   3.47042    75.68405    78.15612    -2.47206
  -0.90315   0.04711   3.47042    78.49563    79.52882    -1.03320
   0.05685   0.04711   3.47042    75.95944    75.62496     0.33448
   0.92205   1.85584   2.76765    71.21917    69.89360     1.32557
   0.09067   2.45988   2.76765    70.24551    70.31753    -0.07202
  -1.90748   1.56301   3.26636    74.88826    77.51102    -2.62276
  -1.42748   2.39439   3.00913    72.00912    74.01831    -2.00919
  -2.38748   2.39439   3.00913    72.31874    73.32161    -1.00286
  -2.86748   1.56301   3.00913    77.15867    78.25146    -1.09279
  -2.38748   0.73162   3.00913    83.33741    85.37675    -2.03934
  -1.39365   3.14440   2.30636    72.30063    72.79661    -0.49597
  -2.42130   3.14440   2.30636    72.41893    72.71161    -0.29269
  -3.25269   2.54036   2.30636    76.14992    76.19803    -0.04811
  -3.57025   1.56301   2.30636    82.92631    83.21897    -0.29266
  -3.25269   0.58566   2.30636    93.34457    93.90403    -0.55946
  -1.90748   3.48301   1.34636    75.55183    75.93798    -0.38615
  -2.86748   3.22578   1.34636    77.51800    77.92280    -0.40480
  -3.57025   2.52301   1.34636    83.43373    83.58410    -0.15038
  -3.82748   1.56301   1.34636    93.28036    93.43753    -0.15717
  -2.42130   3.14440   0.38636    84.55939    86.29299    -1.73360
  -3.25269   2.54036   0.38636    93.70095    94.48758    -0.78662
  -3.57025   1.56301   0.38636   112.81801   112.38951     0.42850
  -2.32456  -0.68055   3.03807    87.33303    87.28351     0.04952
  -2.80456   0.15083   2.78084    89.49762    89.98370    -0.48608
  -3.28456  -0.68055   2.78084    87.41643    86.58474     0.83169
  -2.80456  -1.51193   2.78084    87.14011    86.58366     0.55645
  -1.84456  -1.51193   2.78084    89.34461    89.85973    -0.51511
  -3.66977   0.29680   2.07807    94.62833    94.44562     0.18271
  -3.98733  -0.68055   2.07807    92.29291    91.05919     1.23372
  -3.66977  -1.65790   2.07807    91.50615    90.27370     1.23244
  -2.83839  -2.26194   2.07807    92.01036    92.01958    -0.00922
  -3.98733   0.27945   1.11807   107.52500   106.91330     0.61169
  -4.24456  -0.68055   1.11807   104.02877   102.79604     1.23273
  -3.98733  -1.64055   1.11807   102.91673   101.59039     1.32634
  -3.28456  -2.34332   1.11807   103.43101   102.85198     0.57903
  -0.36485  -0.25884  -3.29456   111.57260   110.64878     0.92382
  -0.84485   0.57254  -3.29456   112.28312   112.63277    -0.34965
  -1.80485   0.57254  -3.29456   118.03272   120.05796    -2.02524
  -1.80485  -1.09022  -3.29456   120.54885   122.70405    -2.15520
  -0.84485  -1.09022  -3.29456   114.03059   114.38231    -0.35172
  -1.32485  -0.25884  -3.55179   114.09086   115.05425    -0.96339
  -3.23839   1.99240  -0.08203   113.87415   113.49555     0.37860
  -4.06978   1.38837  -0.08203   114.10881   112.60449     1.50431
  -4.38734   0.41102  -0.08203   118.61187   117.36519     1.24668
  -3.68457   2.07379  -1.04203   111.19369   109.74711     1.44658
  -4.38734   1.37102  -1.04203   111.96641   110.40585     1.56055
  -4.64457   0.41102  -1.04203   116.20459   115.50654     0.69805
  -3.23839   1.99240  -2.00203   112.46496   111.89625     0.56871
  -4.06978   1.38837  -2.00203   112.13848   111.34777     0.79070
  -4.38734   0.41102  -2.00203   116.44353   116.69040    -0.24687
  -2.24457   1.24240  -2.70480   124.01167   126.27861    -2.26694
  -3.20457   1.24240  -2.70480   116.14248   117.09975    -0.95726
  -3.68457   0.41102  -2.70480   119.31223   120.93606    -1.62384
  -4.23503  -1.23532  -0.18298   122.98617   121.80880     1.17737
  -3.91747  -2.21268  -0.18298   116.70873   114.81676     1.89198
  -3.08608  -2.81671  -0.18298   116.51104   114.68821     1.82283
  -4.49226  -1.23532  -1.14298   119.40519   119.05260     0.35260
  -4.23503  -2.19532  -1.14298   113.63639   111.98612     1.65026
  -3.53226  -2.89809  -1.14298   112.35106   110.19220     2.15886
  -2.57226  -3.15532  -1.14298   113.87641   112.24725     1.62916
  -1.61226  -2.89809  -1.14298   118.17610   117.84216     0.33394
  -4.23503  -1.23532  -2.10298   118.21238   118.67035    -0.45797
  -3.91747  -2.21268  -2.10298   112.80500   111.74546     1.05953
  -3.08608  -2.81671  -2.10298   112.21548   110.87208     1.34340
  -2.05843  -2.81671  -2.10298   115.24853   114.98880     0.25973
  -3.53226  -1.23532  -2.80575   119.28905   120.76518    -1.47613
  -3.05226  -2.06671  -2.80575   115.16181   115.48312    -0.32131
  -2.09226  -2.06671  -2.80575   120.00539   121.34785    -1.34245
   3.82517   0.58400   2.21286    51.24621    53.60470    -2.35849
   3.52209   1.61618   2.21286    51.48798    53.85740    -2.36942
   2.47105   3.01593   1.33692    57.50353    57.74440    -0.24087
   4.50341  -0.91866   1.00630    50.13420    51.87444    -1.74025
   3.04218  -3.41313  -0.02695    57.58631    57.44998     0.13633
   3.91812  -2.82785  -0.02695    52.32896    53.39835    -1.06938
   2.93974   1.38648  -2.59154    59.55649    60.36065    -0.80416
   0.51392   2.28129  -3.17683    72.36601    74.49770    -2.13169
   1.49510  -3.38613   1.51083    67.71156    66.32611     1.38545
  -0.85328  -3.59973  -1.43161    89.70499    90.19028    -0.48529
  -0.54826  -3.09234  -2.30755    89.57207    91.30823    -1.73616
   2.30811  -2.68165  -2.30755    64.30660    64.71304    -0.40644
  -2.18895   3.83527  -0.05154    74.28353    75.81049    -1.52696
  -0.83484   4.35802  -1.08478    66.01809    67.22152    -1.20343
   1.11702  -3.47176   1.67491    69.02409    67.99222     1.03187
  -4.56203  -0.36808   0.10060   111.84543   111.00073     0.84469
  -4.76756  -0.36808  -0.93264   112.95635   112.83875     0.11761
  -4.56203  -0.36808  -1.96589   112.83662   113.60209    -0.76547
  -3.89941   0.16980  -2.84183   111.39106   112.89022    -1.49916
  -3.89941  -0.90596  -2.84183   111.50549   112.92557    -1.42008
  -1.27445  -2.10474  -2.84183   111.82392   113.28212    -1.45819
  -2.58418   0.52674  -3.42712   110.07181   112.20119    -2.12938
  -3.10080  -0.36808  -3.42712   109.20980   111.34983    -2.14003
  -2.58418  -1.26290  -3.42712   110.56980   112.46553    -1.89574
   1.60280   0.75435   3.49752    63.12402    62.50810     0.61592
   2.68280   0.75435   3.20813    56.08340    56.75801    -0.67461
   2.14280   1.68966   3.20813    57.89600    57.96395    -0.06794
   1.06280   1.68966   3.20813    66.46501    65.63696     0.82805
   1.06280  -0.18096   3.20813    72.23441    71.26799     0.96642
   2.14280  -0.18096   3.20813    61.77457    61.77877    -0.00420
   3.17646   1.76568   2.41752    52.85051    54.93481    -2.08430
   2.37988   2.45592   2.41752    56.58570    57.36930    -0.78360
   1.33658   2.60592   2.41752    63.87641    63.41886     0.45755
   4.00537   0.99850   2.09640    50.04951    52.18783    -2.13832
   3.46537   1.93381   2.09640    51.57141    53.70332    -2.13192
   4.79599   0.99850   1.30578    48.06820    48.81375    -0.74554
   4.49903   2.00984   1.30578    48.40180    48.80411    -0.40232
   3.70245   2.70008   1.30578    51.01823    51.58265    -0.56442
   4.49903  -0.01283   1.30578    50.06241    51.67277    -1.61036
   5.08537   0.99850   0.22578    48.46351    48.22941     0.23411
   4.83796   2.00231   0.22578    48.70694    48.03072     0.67621
   4.15239   2.77615   0.22578    50.85667    50.05792     0.79875
   3.18573   3.14276   0.22578    55.75434    54.70669     1.04765
   4.83796  -0.00530   0.22578    50.13252    50.74049    -0.60797
   4.79599   0.99850  -0.85422    50.78751    50.20762     0.57989
   4.49903   2.00984  -0.85422    51.27797    50.23472     1.04326
   4.00537   0.99850  -1.64483    55.44876    55.12205     0.32671
   4.93333  -1.10406  -0.78893    49.69510    49.65445     0.04065
   4.68592  -0.10026  -0.78893    52.09654    51.98617     0.11037
   4.00035  -2.88170  -0.78893    52.40289    52.61757    -0.21468
   4.68592  -2.10786  -0.78893    49.80054    49.88253    -0.08200
   4.64395  -1.10406  -1.86893    51.41033    50.53675     0.87358
   4.34699  -0.09273  -1.86893    53.67024    53.07781     0.59243
   3.55041   0.59751  -1.86893    59.12669    59.10305     0.02364
   3.55041  -2.80563  -1.86893    55.37960    54.88677     0.49284
   4.34699  -2.11539  -1.86893    51.89087    51.08617     0.80470
   3.85333  -1.10406  -2.65955    55.31817    54.51549     0.80268
   3.31333  -0.16875  -2.65955    59.52405    59.40816     0.11590
   2.23333  -2.03937  -2.65955    66.44017    67.02282    -0.58265
   3.31333  -2.03937  -2.65955    57.58699    57.04744     0.53955
   2.77333  -1.10406  -2.94893    62.76127    62.73157     0.02970
   2.40473  -1.43172   3.02091    60.11595    59.75038     0.36557
   3.48473  -1.43172   2.73153    53.21187    53.30811    -0.09624
   2.94473  -0.49642   2.73153    57.48142    58.36387    -0.88245
   1.86473  -2.36703   2.73153    63.96204    63.01893     0.94311
   2.94473  -2.36703   2.73153    55.49534    54.84827     0.64706
   4.27534  -1.43172   1.94091    49.88538    50.68417    -0.79879
   3.97839  -0.42039   1.94091    51.98833    53.75858    -1.77024
   2.13851  -3.28330   1.94091    61.10412    60.11977     0.98435
   3.18181  -3.13330   1.94091    54.14103    53.59669     0.54433
   3.97839  -2.44306   1.94091    50.59142    50.65338    -0.06195
   4.56473  -1.43172   0.86091    49.44576    51.06335    -1.61760
   2.66509  -3.57598   0.86091    58.76966    58.06519     0.70448
   3.63175  -3.20937   0.86091    52.61915    52.93457    -0.31542
   4.31731  -2.43553   0.86091    49.70498    50.76750    -1.06252
   3.18400   3.25397   0.04499    55.61189    54.27756     1.33433
   2.38742   3.94421   0.04499    56.84142    55.06020     1.78122
   3.52292   3.24644  -1.03501    53.85976    52.05480     1.80496
   2.83736   4.02029  -1.03501    54.16599    52.15622     2.00977
   1.87070   4.38689  -1.03501    56.87320    55.04545     1.82775
   0.84439   4.26228  -1.03501    62.59710    61.42435     1.17275
   3.48095   2.24264  -2.11501    55.37461    54.69208     0.68253
   3.18400   3.25397  -2.11501    53.93088    52.51916     1.41172
   2.38742   3.94421  -2.11501    55.02116    53.55397     1.46718
   1.34412   4.09422  -2.11501    58.81411    58.13608     0.67803
   0.38535   3.65636  -2.11501    66.43666    67.39964    -0.96297
   2.69034   2.24264  -2.90562    57.54845    58.00107    -0.45262
   2.15034   3.17795  -2.90562    57.16960    57.03552     0.13409
   1.07034   3.17795  -2.90562    62.96777    63.98964    -1.02187
   1.61034   2.24264  -3.19501    63.37362    65.18106    -1.80744
   1.88004   0.77633  -3.43454    67.15186    68.08631    -0.93445
   1.34004   1.71164  -3.43454    67.43095    69.23598    -1.80503
   0.26004   1.71164  -3.43454    78.56574    80.09519    -1.52945
  -0.27996   0.77633  -3.43454    97.02855    97.30897    -0.28042
   0.26004  -0.15898  -3.43454    94.86332    94.10825     0.75506
   1.34004  -0.15898  -3.43454    76.82075    76.72270     0.09806
   0.80004   0.77633  -3.72393    77.13967    77.62122    -0.48156
  -0.86328  -2.71603  -2.46576    99.12742   100.72912    -1.60170
   1.44171  -1.30231  -3.25637    74.85335    75.25534    -0.40199
  -0.17829  -2.23762  -3.25637    88.09874    89.19570    -1.09696
   0.90171  -2.23762  -3.25637    75.26028    76.39641    -1.13613
   0.36171  -1.30231  -3.54576    86.64178    86.73086    -0.08907
   1.46829  -3.64834   1.36200    66.51953    65.11555     1.40398
   0.66207  -4.56461   0.57138    66.95029    65.23736     1.71293
   1.70537  -4.41461   0.57138    61.66063    59.82550     1.83512
   2.50195  -3.72437   0.57138    60.07574    59.00376     1.07198
   0.16234  -4.73267  -0.50862    69.30622    67.68373     1.62248
   1.18865  -4.85729  -0.50862    62.61566    60.52244     2.09322
   2.15531  -4.49068  -0.50862    59.27739    57.41468     1.86271
   2.84087  -3.71684  -0.50862    58.40180    57.50464     0.89715
  -0.29670  -4.12675  -1.58862    76.71849    76.54268     0.17581
   0.66207  -4.56461  -1.58862    66.37925    65.20106     1.17819
   1.70537  -4.41461  -1.58862    61.31055    59.91260     1.39796
   2.50195  -3.72437  -1.58862    59.84749    59.01300     0.83449
   0.38829  -3.64834  -2.37923    73.13288    74.02411    -0.89123
   1.46829  -3.64834  -2.37923    65.10829    65.26642    -0.15813
   0.97429   2.91014   2.26128    65.10821    64.36180     0.74641
   0.43429   3.84545   2.26128    61.09322    59.68174     1.41148
  -0.64571   3.84545   2.26128    64.32050    63.41187     0.90863
   1.46796   3.92147   1.47066    59.09862    57.42630     1.67231
   0.67138   4.61171   1.47066    58.13125    55.93418     2.19707
  -0.37192   4.76172   1.47066    59.76375    57.90987     1.85388
  -1.33070   4.32386   1.47066    64.69260    63.90872     0.78388
   1.80688   3.91394   0.39066    60.31645    58.26093     2.05552
   1.12131   4.68779   0.39066    58.17098    55.94344     2.22754
   0.15465   5.05439   0.39066    58.45984    56.52864     1.93120
  -0.87165   4.92978   0.39066    61.16104    60.14440     1.01664
  -1.72249   4.34249   0.39066    67.35360    67.71096    -0.35736
   0.67138   4.61171  -0.68934    60.56952    59.23255     1.33697
  -0.37192   4.76172  -0.68934    61.85574    61.58687     0.26887
  -1.72482   4.16697  -0.89413    69.88556    71.45036    -1.56480
  -2.57566   3.57968  -0.89413    79.26827    80.43605    -1.16778
  -3.05611   2.66425  -0.89413    99.25259    99.35000    -0.09741
  -0.18179   3.84890  -1.97413    67.45682    68.79501    -1.33819
  -1.22509   3.99891  -1.97413    69.34324    70.62007    -1.27683
  -2.18386   3.56105  -1.97413    77.51882    78.32553    -0.80671
  -2.75371   2.67435  -1.97413    95.69416    95.85996    -0.16580
  -0.41887   3.08264  -2.76474    73.88956    75.42079    -1.53122
  -1.49887   3.08264  -2.76474    79.23875    80.13862    -0.89987
  -2.03887   2.14733  -2.76474    98.78218    99.68395    -0.90178
  -0.95887   2.14733  -3.05413    88.97293    90.31776    -1.34483
  -1.52229  -3.41110   2.50631    73.58281    75.27738    -1.69457
  -2.77714  -3.00280   1.71570    86.84018    87.38428    -0.54410
  -2.20729  -3.88950   1.71570    76.32219    76.87299    -0.55080
  -1.24851  -4.32736   1.71570    70.80885    71.32298    -0.51413
  -0.20521  -4.17736   1.71570    69.34993    69.75804    -0.40811
  -3.07953  -2.99271   0.63570    99.70539    99.26520     0.44020
  -2.59908  -3.90813   0.63570    84.39165    84.17470     0.21695
  -1.74824  -4.49542   0.63570    76.00996    75.76148     0.24848
  -0.72193  -4.62004   0.63570    72.31489    71.83333     0.48155
  -2.20729  -3.88950  -0.44430    91.21155    90.71797     0.49358
  -1.24851  -4.32736  -0.44430    80.92582    80.47932     0.44649
  -1.52229  -3.41110  -1.23492   100.55642   100.57630    -0.01988
  -0.00795  -1.46835   3.80586    69.33880    69.06995     0.26884
   1.07205  -1.46835   3.51648    66.92778    66.12435     0.80342
   0.53205  -0.53304   3.51648    72.38490    71.69348     0.69142
  -0.54795  -0.53304   3.51648    77.33651    77.54513    -0.20861
  -1.08795  -1.46835   3.51648    75.79286    76.34258    -0.54972
  -0.54795  -2.40365   3.51648    69.52370    70.19286    -0.66916
   0.53205  -2.40365   3.51648    65.96930    65.67175     0.29755
  -0.27417  -3.31992   2.72586    69.54584    70.95238    -1.40654
   0.76913  -3.16992   2.72586    66.44207    66.36491     0.07716
   1.56571  -2.47968   2.72586    65.96040    65.02661     0.93379
  -0.42315   0.87849   3.96765    67.99177    68.65583    -0.66406
   0.65685   0.87849   3.67827    67.60924    67.07772     0.53151
   0.11685   1.81380   3.67827    65.53202    65.77857    -0.24656
  -0.96315   1.81380   3.67827    67.71892    69.31891    -1.59999
  -1.50315   0.87849   3.67827    72.64293    74.61117    -1.96823
  -0.96315  -0.05682   3.67827    75.18518    76.05140    -0.86623
   0.11685  -0.05682   3.67827    72.30938    72.09418     0.21520
   0.35393   2.58006   2.88765    66.71876    66.56554     0.15322
  -1.90748   1.56301   3.50636    71.52444    73.63620    -2.11176
  -1.36748   2.49832   3.21697    68.63568    70.22850    -1.59283
  -2.44748   2.49832   3.21697    68.54490    69.46300    -0.91810
  -2.98748   1.56301   3.21697    73.36412    74.33539    -0.97127
  -2.44748   0.62770   3.21697    79.95219    81.55932    -1.60713
  -1.13040   3.26458   2.42636    69.35411    69.61900    -0.26489
  -2.17369   3.41458   2.42636    68.23756    68.60291    -0.36535
  -3.13247   2.97673   2.42636    70.42890    70.65218    -0.22328
  -3.70232   2.09002   2.42636    75.43179    75.65453    -0.22274
  -3.70232   1.03600   2.42636    83.34736    83.74200    -0.39465
  -2.67342   3.58264   1.34636    72.71090    73.18130    -0.47040
  -3.52426   2.99535   1.34636    76.83383    77.11419    -0.28037
  -4.00471   2.07993   1.34636    84.42011    84.54244    -0.12233
  -4.00471   1.04609   1.34636    96.13725    96.16729    -0.03005
  -3.13247   2.97673   0.26636    86.17612    87.10032    -0.92420
  -3.70232   2.09002   0.26636    99.95313    99.87585     0.07729
  -2.32456  -0.68055   3.27807    82.08840    82.29404    -0.20564
  -2.86456   0.25476   2.98868    84.24824    84.93357    -0.68533
  -3.40456  -0.68055   2.98868    81.94918    81.47801     0.47117
  -2.86456  -1.61586   2.98868    81.73952    81.50355     0.23597
  -1.78456  -1.61586   2.98868    84.20380    84.94405    -0.74025
  -4.11940  -0.15354   2.19807    87.56424    86.98457     0.57968
  -4.11940  -1.20756   2.19807    86.11730    85.14824     0.96906
  -3.54956  -2.09427   2.19807    85.95834    85.35509     0.60325
  -2.59078  -2.53213   2.19807    87.11664    87.84156    -0.72492
  -3.94135   0.75179   1.11807   104.20974   104.00134     0.20840
  -4.42180  -0.16363   1.11807    99.73478    98.93474     0.80004
  -4.42180  -1.19747   1.11807    97.52825    96.46484     1.06341
  -3.94135  -2.11290   1.11807    97.28916    96.35427     0.93489
  -3.09051  -2.70019   1.11807    98.54289    98.43193     0.11096
  -0.24485  -0.25884  -3.50240   102.35941   101.84619     0.51322
  -0.78485   0.67647  -3.50240   103.17534   103.70741    -0.53207
  -1.86485   0.67647  -3.50240   108.90828   110.63062    -1.72234
  -1.86485  -1.19415  -3.50240   111.32424   113.09036    -1.76612
  -0.78485  -1.19415  -3.50240   104.86142   105.33804    -0.47662
  -1.32485  -0.25884  -3.79179   104.96574   105.89858    -0.93284
  -3.94956   1.82473   0.03797   104.73482   103.96001     0.77481
  -4.51941   0.93803   0.03797   106.74791   105.69167     1.05625
  -3.49051   2.43065  -1.04203   102.29756   101.65893     0.63863
  -4.34135   1.84336  -1.04203   102.07891   100.95848     1.12043
  -4.82180   0.92794  -1.04203   104.37029   103.52393     0.84635
  -4.82180  -0.10590  -1.04203   111.00188   110.83211     0.16977
  -2.99078   2.26259  -2.12203   104.14835   104.09641     0.05194
  -3.94956   1.82473  -2.12203   102.48474   101.99503     0.48971
  -4.51941   0.93803  -2.12203   104.43200   104.26879     0.16321
  -4.51941  -0.11600  -2.12203   111.60246   112.37624    -0.77378
  -3.26457   1.34632  -2.91265   106.89217   107.80044    -0.90827
  -3.80457   0.41102  -2.91265   109.99782   111.38157    -1.38376
  -4.36710  -1.76234  -0.06298   109.96674   108.72619     1.24055
  -3.79725  -2.64904  -0.06298   106.90185   105.39271     1.50914
  -4.66949  -1.75225  -1.14298   106.60513   105.82201     0.78312
  -4.18904  -2.66767  -1.14298   103.39845   101.93328     1.46517
  -3.33821  -3.25496  -1.14298   103.24422   101.69675     1.54747
  -2.31190  -3.37958  -1.14298   105.61397   104.67766     0.93631
  -4.36710  -1.76234  -2.22298   105.55346   105.35839     0.19507
  -3.79725  -2.64904  -2.22298   102.78242   101.86317     0.91926
  -2.83847  -3.08690  -2.22298   103.35306   102.56731     0.78575
  -1.79518  -2.93690  -2.22298   107.16271   107.40694    -0.24423
  -3.65226  -1.23532  -3.01360   109.93955   111.19861    -1.25907
  -3.11226  -2.17063  -3.01360   105.85097   106.23589    -0.38492
  -2.03226  -2.17063  -3.01360   110.68801   111.84769    -1.15968
   3.84434   0.58400   2.60181    50.12606    51.82958    -1.70352
   3.53822   1.62655   2.60181    50.37419    52.02854    -1.65435
   2.71883   3.05492   1.80368    54.04182    54.50141    -0.45960
   4.96336  -0.91866   0.49399    48.06794    49.15945    -1.09151
   4.76385  -1.98592   0.49399    47.98729    49.12405    -1.13676
   3.32583  -3.56335  -0.54789    54.87783    54.67706     0.20077
   3.62862   1.38648  -2.18235    55.97048    55.91191     0.05857
   2.95891   1.38648  -2.98048    57.86437    58.56262    -0.69825
   1.54358   2.27507  -3.50143    62.12564    63.51596    -1.39032
   0.51752   2.27507  -3.50143    70.00673    71.61154    -1.60481
  -0.56081  -3.10683  -2.69649    85.84712    87.19210    -1.34498
   2.32424  -2.69202  -2.69649    62.36236    62.75439    -0.39202
  -2.06020   4.28376  -0.57248    68.63636    69.79840    -1.16205
   0.52309   4.39700  -1.55154    61.00632    60.83897     0.16735
  -0.55134   4.50993  -1.55154    62.92765    63.73589    -0.80824
  -1.70107  -2.97886   2.93980    72.79650    74.21073    -1.41423
  -0.71269  -3.43024   2.93980    67.67849    69.00060    -1.32211
   0.36459  -3.99242   2.14167    65.52299    65.71662    -0.19363
   1.30020  -3.45225   2.14167    64.86935    64.19554     0.67381
  -1.57056   1.90223   3.74343    66.75676    68.36733    -1.61057
  -2.08359   1.01363   3.74344    70.85436    72.44469    -1.59033
  -4.60886   0.17209   0.56736   102.72504   101.94920     0.77584
  -4.97167  -0.91095  -0.41170   102.41136   101.89754     0.51383
  -4.97167  -0.91095  -1.45358   102.85052   102.86407    -0.01355
  -4.60886  -0.90825  -2.43264   102.30317   102.91056    -0.60739
  -1.26471  -2.83900  -2.43264   101.53005   102.56340    -1.03335
  -2.34199   1.54065  -3.23077   101.47807   102.81199    -1.33392
  -3.91781   0.17520  -3.23077   100.72658   101.99607    -1.26948
  -3.91781  -0.91136  -3.23077   100.90488   102.08335    -1.17847
  -1.26648  -2.12218  -3.23077   101.85417   103.01691    -1.16274
  -2.58059   0.52051  -3.75172   100.26496   101.90436    -1.63941
  -3.09362  -0.36808  -3.75172    99.67189   101.31538    -1.64349
  -2.58059  -1.25668  -3.75172   100.55351   102.02162    -1.46811
  -2.06756  -0.36808  -3.93264   100.92865   102.43845    -1.50980
   1.60280   0.75435   3.73752    60.74574    60.35844     0.38730
   2.64412   0.75435   3.49984    54.72545    55.15920    -0.43375
   2.12346   1.65616   3.49984    56.20936    56.25042    -0.04106
   1.08214  -0.14746   3.49984    68.37148    67.68822     0.68327
   2.12346  -0.14746   3.49984    59.68328    59.63866     0.04462
   3.18132   1.76881   2.83389    51.60872    52.90843    -1.29971
   2.38228   2.46118   2.83389    54.80170    55.24873    -0.44702
   1.33576   2.61165   2.83389    61.15308    60.80699     0.34609
   4.80177   0.99850   1.72216    46.80711    47.77889    -0.97178
   4.50390   2.01296   1.72216    47.04842    47.76501    -0.71659
   3.70485   2.70533   1.72216    49.66063    50.43368    -0.77305
   4.50390  -0.01595   1.72216    48.99397    50.52964    -1.53567
   5.26520   0.99850   0.75983    46.28477    46.46707    -0.18230
   5.03348   2.01372   0.75983    46.36509    46.20717     0.15792
   4.38423   2.82785   0.75983    48.07978    47.81580     0.26398
   3.44603   3.27967   0.75983    51.91760    51.56141     0.35619
   5.03348  -0.01671   0.75983    47.86143    48.67940    -0.81797
   5.26520   0.99850  -0.30827    47.37970    47.07155     0.30815
   5.03348   2.01372  -0.30827    47.47256    46.80871     0.66385
   4.38423   2.82785  -0.30827    49.46130    48.53244     0.92886
   5.03348  -0.01671  -0.30827    49.22652    49.41550    -0.18898
   4.80177   0.99850  -1.27059    50.11748    49.66793     0.44955
   4.50390   2.01296  -1.27059    50.50707    49.70140     0.80567
   3.96669   0.99850  -1.93654    54.91254    54.70778     0.20476
   5.11316  -1.10406  -0.25488    47.89551    48.39362    -0.49811
   4.23219  -2.93341  -0.25488    50.22024    50.81066    -0.59042
   4.88144  -2.11927  -0.25488    47.91676    48.50781    -0.59105
   5.11316  -1.10406  -1.32298    48.27103    47.94263     0.32841
   4.88144  -0.08885  -1.32298    50.22933    49.90835     0.32098
   3.29399  -3.38522  -1.32298    55.56535    55.23977     0.32557
   4.23219  -2.93341  -1.32298    50.54627    50.36211     0.18417
   4.88144  -2.11927  -1.32298    48.36918    48.09391     0.27528
   4.64973  -1.10406  -2.28531    50.28134    49.61038     0.67096
   4.35186  -0.08960  -2.28531    52.47598    52.02560     0.45038
   3.55282   0.60277  -2.28531    57.73051    57.79908    -0.06857
   3.55282  -2.81089  -2.28531    54.21689    53.82165     0.39523
   4.35186  -2.11851  -2.28531    50.78908    50.15582     0.63326
   3.81465  -1.10406  -2.95126    54.26612    53.77436     0.49176
   3.29399  -0.20225  -2.95126    58.37992    58.36708     0.01285
   2.25267  -2.00587  -2.95126    64.84656    65.32710    -0.48055
   3.29399  -2.00587  -2.95126    56.45834    56.15061     0.30773
   2.77333  -1.10406  -3.18893    61.40256    61.44889    -0.04633
   2.40473  -1.43172   3.26091    58.39580    58.12155     0.27425
   3.44605  -1.43172   3.02324    52.09182    52.20243    -0.11061
   2.92539  -0.52991   3.02324    56.19309    56.78843    -0.59533
   1.88407  -2.33354   3.02324    61.64324    60.92868     0.71456
   2.92539  -2.33354   3.02324    54.06141    53.61857     0.44284
   4.28112  -1.43172   2.35729    48.76553    49.32657    -0.56104
   3.98325  -0.41727   2.35729    50.83449    52.17384    -1.33935
   2.13769  -3.28902   2.35729    58.92136    58.16609     0.75527
   3.18421  -3.13855   2.35729    52.54661    52.07698     0.46963
   3.98325  -2.44618   2.35729    49.32036    49.30614     0.01422
   4.74456  -1.43172   1.39496    47.68764    48.75933    -1.07169
   2.92539  -3.71289   1.39496    54.70391    54.18295     0.52096
   3.86359  -3.26108   1.39496    50.06453    50.13588    -0.07135
   4.51284  -2.44694   1.39496    47.83730    48.43333    -0.59603
   3.86359  -3.26108   0.32686    51.30641    51.81273    -0.50632
   2.38982   3.94947   0.46137    55.84769    54.46518     1.38251
   3.71845   3.25786  -0.50096    52.33621    50.96448     1.37173
   3.06920   4.07199  -0.50096    52.23885    50.69585     1.54300
   2.13100   4.52381  -0.50096    54.56622    52.90889     1.65732
   3.95017   2.24264  -1.56906    53.41874    52.45413     0.96461
   3.71845   3.25786  -1.56906    51.45616    50.12972     1.32643
   3.06920   4.07199  -1.56906    51.54780    50.04487     1.50293
   2.13100   4.52381  -1.56906    53.57331    52.22060     1.35271
   1.08968   4.52381  -1.56906    57.89748    57.12490     0.77258
   3.48674   2.24264  -2.53138    53.75325    53.44836     0.30489
   3.18886   3.25710  -2.53138    52.25060    51.41348     0.83712
   2.38982   3.94947  -2.53138    53.28829    52.43111     0.85718
   1.34330   4.09994  -2.53138    57.05083    56.80885     0.24199
   0.38156   3.66073  -2.53138    64.58187    65.55117    -0.96929
   2.65166   2.24264  -3.19733    56.45526    56.99700    -0.54174
   2.13100   3.14445  -3.19733    55.93124    56.10169    -0.17045
   1.08968   3.14445  -3.19733    61.53496    62.52240    -0.98744
   2.37857  -0.23813  -3.06030    66.43997    66.81095    -0.37098
   1.84136   0.77633  -3.72625    65.45304    66.20450    -0.75146
   1.32070   1.67814  -3.72625    65.88552    67.20920    -1.32369
   0.27938   1.67814  -3.72625    75.45674    76.66333    -1.20659
  -0.24128   0.77633  -3.72625    89.99987    90.42684    -0.42698
   0.27938  -0.12548  -3.72625    88.17276    87.91348     0.25928
   1.32070  -0.12548  -3.72625    73.67940    73.76621    -0.08681
   0.80004   0.77633  -3.96393    74.09906    74.61069    -0.51163
  -0.86707  -2.72040  -2.88213    93.30220    94.55323    -1.25103
   1.40303  -1.30231  -3.54808    72.56790    72.91002    -0.34211
  -0.15895  -2.20412  -3.54808    84.02291    84.88058    -0.85767
   0.88237  -2.20412  -3.54808    73.07902    73.90784    -0.82882
   0.36171  -1.30231  -3.78576    82.61518    82.81969    -0.20452
   0.66125  -4.57033   0.98776    65.05614    63.91503     1.14111
   1.70777  -4.41986   0.98776    60.06701    58.74204     1.32497
   0.40763  -4.99420   0.02543    64.53013    63.11451     1.41563
   1.44895  -4.99420   0.02543    59.20033    57.56849     1.63184
   2.38715  -4.54239   0.02543    56.64668    55.29089     1.35579
  -0.53057  -4.54239  -1.04267    73.91230    73.27792     0.63438
   0.40763  -4.99420  -1.04267    64.31946    63.08383     1.23564
   1.44895  -4.99420  -1.04267    59.07933    57.59678     1.48255
   2.38715  -4.54239  -1.04267    56.56699    55.31193     1.25506
   3.03640  -3.72825  -1.04267    56.32325    55.70917     0.61409
  -0.30049  -4.13112  -2.00499    74.51384    74.68820    -0.17436
   0.66125  -4.57033  -2.00499    64.46307    63.88829     0.57478
   1.70777  -4.41986  -2.00499    59.58895    58.81683     0.77213
   2.50681  -3.72749  -2.00499    58.39592    57.94898     0.44694
   0.40763  -3.61485  -2.67094    71.48210    72.39520    -0.91311
   1.44895  -3.61485  -2.67094    63.91294    64.28835    -0.37541
   0.93562   2.91014   2.55299    63.41354    62.84661     0.56693
   0.41496   3.81195   2.55299    59.41983    58.47171     0.94812
  -0.62637   3.81195   2.55299    62.38189    61.84998     0.53190
   1.47282   3.92460   1.88704    57.09545    55.90731     1.18813
   0.67378   4.61697   1.88704    56.04691    54.45933     1.58759
  -0.37274   4.76744   1.88704    57.63855    56.29570     1.34284
  -1.33448   4.32823   1.88704    62.45987    61.88279     0.57708
   2.00241   3.92535   0.92471    57.33666    55.93500     1.40166
   1.35315   4.73949   0.92471    55.36227    53.57536     1.78692
   0.41496   5.19130   0.92471    55.36041    53.63245     1.72795
  -0.62637   5.19130   0.92471    57.33607    56.10664     1.22942
  -1.56456   4.73949   0.92471    61.91625    61.53783     0.37842
   1.35315   4.73949  -0.14339    56.73831    54.98684     1.75147
   0.41496   5.19130  -0.14339    56.35371    55.01522     1.33848
  -0.62637   5.19130  -0.14339    58.34963    57.70408     0.64555
  -1.56456   4.73949  -0.14339    63.31545    63.67490    -0.35944
   0.67378   4.61697  -1.10571    59.62122    58.83551     0.78570
  -0.37274   4.76744  -1.10571    60.98126    61.17525    -0.19399
  -3.06698   3.16255  -0.36008    85.34710    86.17362    -0.82651
  -1.47953   4.42849  -1.42818    65.79000    66.89562    -1.10562
  -2.41773   3.97668  -1.42818    72.28552    73.20219    -0.91667
  -3.06698   3.16255  -1.42818    85.56076    85.92253    -0.36178
  -0.17939   3.85416  -2.39050    65.82830    66.94952    -1.12122
  -1.22591   4.00463  -2.39050    67.66842    68.67165    -1.00323
  -2.18765   3.56542  -2.39050    75.11399    75.81149    -0.69750
  -2.75926   2.67597  -2.39050    91.03442    91.38690    -0.35248
  -0.43821   3.04914  -3.05645    72.30166    73.63878    -1.33712
  -1.47953   3.04914  -3.05645    76.93157    77.82846    -0.89689
  -2.00019   2.14733  -3.05645    93.50480    94.48374    -0.97894
  -0.95887   2.14733  -3.29413    85.53418    86.77598    -1.24180
  -1.50295  -3.37760   2.79802    70.69002    72.11677    -1.42675
  -2.78268  -3.00443   2.13207    81.07396    81.63605    -0.56209
  -2.21107  -3.89387   2.13207    72.04059    72.71080    -0.67020
  -1.24933  -4.33308   2.13207    67.27693    67.93615    -0.65922
  -0.20281  -4.18262   2.13207    66.16136    66.72447    -0.56311
  -3.09041  -3.49100   1.16975    83.93007    83.90000     0.03006
  -2.44115  -4.30514   1.16975    74.46751    74.50245    -0.03493
  -1.50295  -4.75695   1.16975    69.14287    69.12703     0.01585
  -0.46163  -4.75695   1.16975    67.02725    66.79344     0.23381
  -3.09041  -3.49100   0.10165    93.93965    93.24200     0.69765
  -2.44115  -4.30514   0.10165    80.41114    80.05877     0.35237
  -1.50295  -4.75695   0.10165    73.41333    73.03832     0.37501
  -0.46163  -4.75695   0.10165    70.91381    70.06737     0.84643
  -2.21107  -3.89387  -0.86068    91.25766    90.75598     0.50168
  -1.24933  -4.33308  -0.86068    80.33216    80.00888     0.32328
  -1.50295  -3.37760  -1.52663    99.70559    99.83941    -0.13381
  -0.00795  -1.46835   4.04586    66.03615    65.90954     0.12661
   1.03337  -1.46835   3.80819    63.76725    63.23226     0.53500
   0.51271  -0.56654   3.80819    68.36823    67.93247     0.43575
  -0.52861  -0.56654   3.80819    72.52971    72.74968    -0.21998
  -1.04927  -1.46835   3.80819    71.34690    71.77920    -0.43230
  -0.52861  -2.37016   3.80819    66.18057    66.63069    -0.45012
   0.51271  -2.37016   3.80819    62.98593    62.80391     0.18202
  -0.27499  -3.32564   3.14224    65.66532    66.54826    -0.88294
   0.77153  -3.17518   3.14224    62.87189    62.81344     0.05845
   1.57057  -2.48280   3.14224    62.34522    61.70528     0.63994
   1.45091  -3.29770   2.17991    64.79912    64.01322     0.78590
  -0.42315   0.87849   4.20765    64.87402    65.44721    -0.57318
   0.61817   0.87849   3.96998    64.13478    63.89940     0.23538
   0.09751   1.78030   3.96998    62.53467    62.82043    -0.28577
  -0.94381   1.78030   3.96998    64.58041    65.76611    -1.18570
  -1.46448   0.87849   3.96998    68.74135    70.16751    -1.42616
  -0.94381  -0.02332   3.96998    70.68894    71.40180    -0.71286
   0.09751  -0.02332   3.96998    68.14333    68.09458     0.04875
   0.35633   2.58532   3.30403    62.97593    62.97493     0.00100
  -2.42814   2.46482   3.50868    65.44186    66.34545    -0.90359
  -2.94880   1.56301   3.50868    69.53003    70.46207    -0.93204
  -2.17452   3.42031   2.84273    64.53165    64.95658    -0.42493
  -3.13626   2.98109   2.84273    66.27412    66.61233    -0.33821
  -3.70787   2.09165   2.84273    70.47208    70.80939    -0.33731
  -3.70787   1.03437   2.84273    77.05522    77.48066    -0.42544
  -2.42814   3.84417   1.88041    66.80893    67.04247    -0.23354
  -3.36634   3.39236   1.88041    68.94153    69.17402    -0.23249
  -4.01559   2.57822   1.88041    73.53508    73.67941    -0.14432
  -4.24731   1.56301   1.88041    80.73523    80.84283    -0.10760
  -2.42814   3.84417   0.81231    71.88797    72.60061    -0.71264
  -3.36634   3.39236   0.81231    75.20790    75.72097    -0.51306
  -4.01559   2.57822   0.81231    82.22834    82.39758    -0.16924
  -4.24731   1.56301   0.81231    93.72235    93.50635     0.21599
  -3.13626   2.98109  -0.15002    88.07603    88.87926    -0.80324
  -2.32456  -0.68055   3.51807    77.54341    77.86841    -0.32499
  -2.84522   0.22126   3.28039    79.03322    79.71158    -0.67836
  -3.36588  -0.68055   3.28039    77.00348    76.81474     0.18874
  -2.84522  -1.58236   3.28039    76.88808    76.84949     0.03859
  -4.12495  -0.15191   2.61444    80.72456    80.37631     0.34825
  -4.12495  -1.20919   2.61444    79.45973    78.81742     0.64231
  -3.55334  -2.09864   2.61444    79.36874    79.00243     0.36631
  -2.59160  -2.53785   2.61444    80.45884    81.06732    -0.60848
  -4.43267   0.33466   1.65212    89.46878    89.11316     0.35562
  -4.66439  -0.68055   1.65212    87.13299    86.39977     0.73322
  -4.43267  -1.69576   1.65212    86.19419    85.38621     0.80798
  -3.78342  -2.50990   1.65212    86.40902    85.93298     0.47605
  -4.66439  -0.68055   0.58402   101.69310   100.82933     0.86377
  -4.43267  -1.69576   0.58402   100.46103    99.43131     1.02972
  -3.78342  -2.50990   0.58402   101.22981   100.24545     0.98436
  -0.28353  -0.25884  -3.79411    94.79389    94.72783     0.06607
  -0.80419   0.64297  -3.79411    95.65636    96.26717    -0.61081
  -1.84551   0.64297  -3.79411   100.26276   101.65262    -1.38986
  -0.80419  -1.16065  -3.79411    97.03395    97.57646    -0.54251
  -1.32485  -0.25884  -4.03179    97.30607    98.17795    -0.87188
  -4.52496   0.93966   0.45435   100.73462   100.00698     0.72764
  -4.18343   2.24037  -0.50798    95.06482    94.41320     0.65162
  -4.83268   1.42623  -0.50798    96.08473    95.26025     0.82448
  -5.06440   0.41102  -0.50798    99.86080    99.25559     0.60521
  -3.24523   2.69218  -1.57608    95.22691    95.10833     0.11858
  -4.18343   2.24037  -1.57608    94.10747    93.51838     0.58909
  -4.83268   1.42623  -1.57608    95.12780    94.55721     0.57059
  -5.06440   0.41102  -1.57608    98.87808    98.71340     0.16469
  -2.99161   2.26831  -2.53841    97.21213    97.53062    -0.31849
  -3.95335   1.82910  -2.53841    95.52831    95.51845     0.00986
  -4.52496   0.93966  -2.53841    97.31055    97.51325    -0.20270
  -3.24523   1.31283  -3.20436   100.09964   101.11605    -1.01641
  -3.80104  -2.65341   0.35340   101.27078   100.18225     1.08854
  -4.68037  -2.25054  -0.60893    98.11381    97.10074     1.01307
  -4.03112  -3.06467  -0.60893    96.46463    95.21249     1.25214
  -3.09292  -3.51649  -0.60893    97.40246    96.31673     1.08574
  -4.91209  -1.23532  -1.67703   101.30454   101.25777     0.04677
  -4.68037  -2.25054  -1.67703    96.42958    95.73328     0.69630
  -4.03112  -3.06467  -1.67703    94.77945    93.72607     1.05338
  -3.09292  -3.51649  -1.67703    95.31470    94.35278     0.96192
  -2.05160  -3.51649  -1.67703    97.89365    97.51120     0.38246
  -4.37265  -1.76397  -2.63936    98.04655    98.15776    -0.11120
  -3.80104  -2.65341  -2.63936    95.50562    95.10598     0.39964
  -2.83930  -3.09262  -2.63936    96.09649    95.80283     0.29366
  -1.79278  -2.94215  -2.63936    99.84198   100.32033    -0.47835
  -3.09292  -2.13713  -3.30531    98.88499    99.46780    -0.58281
