
Resp charges for organic molecule                                               

iqopt   irstrnt  ihfree     qwt
  2      1      1        0.001000

 rel.rms   dipole mom       Qxx      Qyy      Qzz
    0.01625   9.23651  31.00086 -19.99374 -11.00712

          Point charges before & after optimization
    NO   At.No.    q0           q(opt)   IVARY  d(rstr)/dq 
     1     6  -0.032147      -0.025913    0    0.009681
     2     6  -0.010227      -0.033403    0    0.009484
     3     6  -0.069152      -0.033403    2    0.009484
     4     6  -0.008508      -0.012486    0    0.009923
     5     6  -0.044417      -0.012486    4    0.009923
     6     6  -0.113485      -0.171038    0    0.005047
     7     6  -0.042106      -0.171038    6    0.005047
     8     6   0.077243       0.077243  -99    0.007914
     9     7  -0.435406      -0.435406  -99    0.002238
    10     1   0.031986       0.027884    0    0.000000
    11     1   0.019072       0.027884   10    0.000000
    12     1   0.022153       0.021951    0    0.000000
    13     1   0.005472       0.021951   12    0.000000
    14     1   0.047807       0.021951   12    0.000000
    15     1   0.030558       0.021951   12    0.000000
    16     1  -0.008682       0.024453    0    0.000000
    17     1   0.041666       0.024453   16    0.000000
    18     1   0.056984       0.024453   16    0.000000
    19     1  -0.003827       0.024453   16    0.000000
    20     1   0.063818       0.095117    0    0.000000
    21     1   0.080515       0.095117   20    0.000000
    22     1   0.048300       0.095117   20    0.000000
    23     1   0.046304       0.095117   20    0.000000
    24     1   0.103833       0.103833  -99    0.000000
    25     1   0.364083       0.364083  -99    0.000000
    26     1   0.364083       0.364083  -99    0.000000
    27     1   0.364083       0.364083  -99    0.000000

        Statistics of the fitting:
  The initial sum of squares (ssvpot)                     14.861
  The residual sum of squares (chipot)                     0.004
  The std err of estimate (sqrt(chipot/N))               0.00206
  ESP relative RMS (SQRT(chipot/ssvpot))                 0.01625

 Dipole Moment (Debye)=   9.23651
